2	1000
0	0	0
0	1	0.135895
0	2	0.212575
0	3	0.0844166
0	4	-0.0439136
0	5	-1.35361
0	6	1.2262
0	7	0.222847
0	8	3.45388
0	9	1.60735
0	10	1.08541
0	11	0.920903
0	12	0.889457
0	13	0.87174
0	14	0.839935
0	15	0.785887
0	16	0.702091
0	17	0.575069
0	18	0.362753
0	19	0.0686343
0	20	0.00283372
0	21	-0.0379718
0	22	-0.0674868
0	23	-0.0730642
0	24	-0.0602851
0	25	-0.0405953
0	26	-0.022983
0	27	-0.0108638
0	28	-0.00397522
0	29	-0.000706394
0	30	0.000520142
0	31	0.000785606
0	32	0.000688789
0	33	0.000506571
0	34	0.00034257
0	35	0.000222304
0	36	0.000142511
0	37	9.27092e-05
0	38	6.29832e-05
0	39	4.59472e-05
0	40	3.66602e-05
0	41	3.20189e-05
0	42	3.01606e-05
0	43	3.00131e-05
0	44	3.09897e-05
0	45	3.27955e-05
0	46	3.53115e-05
0	47	3.85277e-05
0	48	4.2508e-05
0	49	4.73739e-05
0	50	5.33013e-05
0	51	6.05249e-05
0	52	6.93507e-05
0	53	8.0174e-05
0	54	9.35064e-05
0	55	0.000110011
0	56	0.000130554
0	57	0.000156266
0	58	0.00018864
0	59	0.000229651
0	60	0.000281927
0	61	0.00034899
0	62	0.000435581
0	63	0.000548119
0	64	0.00069535
0	65	0.000889255
0	66	0.00114634
0	67	0.00148948
0	68	0.00195054
0	69	0.00257419
0	70	0.00342333
0	71	0.00458704
0	72	0.00619206
0	73	0.0084195
0	74	0.0115292
0	75	0.0158947
0	76	0.0220545
0	77	0.0307839
0	78	0.043196
0	79	0.0608781
0	80	0.0860644
0	81	0.121833
0	82	0.172275
0	83	0.242527
0	84	0.338437
0	85	0.465558
0	86	0.627195
0	87	0.821704
0	88	1.04017
0	89	1.26636
0	90	1.48024
0	91	1.66362
0	92	1.80482
0	93	1.89988
0	94	1.95066
0	95	1.96176
0	96	1.93794
0	97	1.88272
0	98	1.79817
0	99	1.68541
0	100	1.54564
0	101	1.38145
0	102	1.19789
0	103	1.00306
0	104	0.807597
0	105	0.623153
0	106	0.459973
0	107	0.324768
0	108	0.219691
0	109	0.1428
0	110	0.0895267
0	111	0.054357
0	112	0.0320896
0	113	0.0184864
0	114	0.0104253
0	115	0.00577067
0	116	0.00314207
0	117	0.00168591
0	118	0.0008927
0	119	0.000467027
0	120	0.000241632
0	121	0.000123732
0	122	6.27478e-05
0	123	3.15309e-05
0	124	1.57068e-05
0	125	7.75915e-06
0	126	3.80238e-06
0	127	1.84896e-06
0	128	8.92355e-07
0	129	4.27535e-07
0	130	2.03381e-07
0	131	9.60782e-08
0	132	4.50791e-08
0	133	2.10096e-08
0	134	9.72758e-09
0	135	4.47486e-09
0	136	2.04543e-09
0	137	9.2909e-10
0	138	4.19405e-10
0	139	1.88168e-10
0	140	8.39116e-11
0	141	3.71956e-11
0	142	1.63901e-11
0	143	7.1798e-12
0	144	3.12688e-12
0	145	1.35393e-12
0	146	5.82894e-13
0	147	2.49523e-13
0	148	1.06213e-13
0	149	4.4958e-14
0	150	1.89242e-14
0	151	7.92176e-15
0	152	3.2979e-15
0	153	1.36546e-15
0	154	5.62293e-16
0	155	2.30302e-16
0	156	9.38213e-17
0	157	3.80175e-17
0	158	1.53235e-17
0	159	6.14381e-18
0	160	2.45037e-18
0	161	9.72197e-19
0	162	3.8372e-19
0	163	1.50669e-19
0	164	5.88563e-20
0	165	2.28735e-20
0	166	8.84404e-21
0	167	3.4022e-21
0	168	1.30217e-21
0	169	4.9589e-22
0	170	1.87898e-22
0	171	7.0841e-23
0	172	2.65757e-23
0	173	9.9204e-24
0	174	3.68492e-24
0	175	1.36204e-24
0	176	5.0098e-25
0	177	1.83371e-25
0	178	6.67927e-26
0	179	2.42115e-26
0	180	8.73409e-27
0	181	3.13563e-27
0	182	1.12034e-27
0	183	3.98383e-28
0	184	1.40989e-28
0	185	4.96606e-29
0	186	1.74095e-29
0	187	6.07457e-30
0	188	2.10964e-30
0	189	7.29238e-31
0	190	2.50904e-31
0	191	8.5927e-32
0	192	2.92915e-32
0	193	9.93919e-33
0	194	3.3571e-33
0	195	1.12872e-33
0	196	3.77769e-34
0	197	1.25861e-34
0	198	4.17429e-35
0	199	1.3782e-35
0	200	4.52983e-36
0	201	1.48218e-36
0	202	4.82808e-37
0	203	1.5657e-37
0	204	5.05487e-38
0	205	1.62474e-38
0	206	5.19918e-39
0	207	1.65642e-39
0	208	5.25407e-40
0	209	1.65927e-40
0	210	5.21724e-41
0	211	1.63332e-41
0	212	5.09112e-42
0	213	1.58006e-42
0	214	4.88268e-43
0	215	1.50235e-43
0	216	4.60276e-44
0	217	1.40412e-44
0	218	4.26518e-45
0	219	1.29009e-45
0	220	3.88558e-46
0	221	1.16534e-46
0	222	3.4803e-47
0	223	1.03502e-47
0	224	3.06519e-48
0	225	9.03955e-49
0	226	2.65473e-49
0	227	7.76398e-50
0	228	2.26122e-50
0	229	6.55845e-51
0	230	1.89437e-51
0	231	5.44923e-52
0	232	1.56106e-52
0	233	4.45372e-53
0	234	1.26546e-53
0	235	3.58097e-54
0	236	1.00922e-54
0	237	2.83273e-55
0	238	7.91891e-56
0	239	2.20481e-56
0	240	6.11398e-57
0	241	1.68862e-57
0	242	4.6451e-58
0	243	1.27268e-58
0	244	3.47305e-59
0	245	9.44001e-60
0	246	2.55568e-60
0	247	6.89158e-61
0	248	1.85103e-61
0	249	4.95213e-62
0	250	1.31966e-62
0	251	3.50286e-63
0	252	9.26152e-64
0	253	2.43917e-64
0	254	6.39893e-65
0	255	1.67217e-65
0	256	4.35276e-66
0	257	1.12867e-66
0	258	2.91531e-67
0	259	7.50115e-68
0	260	1.92263e-68
0	261	4.90902e-69
0	262	1.24861e-69
0	263	3.16369e-70
0	264	7.9855e-71
0	265	2.00795e-71
0	266	5.0298e-72
0	267	1.25516e-72
0	268	3.12032e-73
0	269	7.7278e-74
0	270	1.90665e-74
0	271	4.68652e-75
0	272	1.14761e-75
0	273	2.79968e-76
0	274	6.80444e-77
0	275	1.6476e-77
0	276	3.97456e-78
0	277	9.55227e-79
0	278	2.28722e-79
0	279	5.45626e-80
0	280	1.2968e-80
0	281	3.07072e-81
0	282	7.24442e-82
0	283	1.7028e-82
0	284	3.98772e-83
0	285	9.3044e-84
0	286	2.16301e-84
0	287	5.00996e-85
0	288	1.15617e-85
0	289	2.65842e-86
0	290	6.09031e-87
0	291	1.39019e-87
0	292	3.16176e-88
0	293	7.16485e-89
0	294	1.61775e-89
0	295	3.6395e-90
0	296	8.15835e-91
0	297	1.8222e-91
0	298	4.05531e-92
0	299	8.99267e-93
0	300	1.98698e-93
0	301	4.37459e-94
0	302	9.59678e-95
0	303	2.09778e-95
0	304	4.5692e-96
0	305	9.91678e-97
0	306	2.14463e-97
0	307	4.62156e-98
0	308	9.92384e-99
0	309	2.12338e-99
0	310	4.52726e-100
0	311	9.61845e-101
0	312	2.03628e-101
0	313	4.2957e-102
0	314	9.0302e-103
0	315	1.8916e-103
0	316	3.94849e-104
0	317	8.21305e-105
0	318	1.70236e-105
0	319	3.5162e-106
0	320	7.23724e-107
0	321	1.4844e-107
0	322	3.03394e-108
0	323	6.17938e-109
0	324	1.2542e-109
0	325	2.53672e-110
0	326	5.11285e-111
0	327	1.02693e-111
0	328	2.05546e-112
0	329	4.09982e-113
0	330	8.14916e-114
0	331	1.61419e-114
0	332	3.18631e-115
0	333	6.26783e-116
0	334	1.22869e-116
0	335	2.4003e-117
0	336	4.6729e-118
0	337	9.06584e-119
0	338	1.75279e-119
0	339	3.37717e-120
0	340	6.48456e-121
0	341	1.24083e-121
0	342	2.36617e-122
0	343	4.49664e-123
0	344	8.51601e-124
0	345	1.60728e-124
0	346	3.02313e-125
0	347	5.6667e-126
0	348	1.05856e-126
0	349	1.97065e-127
0	350	3.65609e-128
0	351	6.75984e-129
0	352	1.24557e-129
0	353	2.28726e-130
0	354	4.1858e-131
0	355	7.63405e-132
0	356	1.38755e-132
0	357	2.51337e-133
0	358	4.53714e-134
0	359	8.16255e-135
0	360	1.46348e-135
0	361	2.61497e-136
0	362	4.65657e-137
0	363	8.26388e-138
0	364	1.46158e-138
0	365	2.5762e-139
0	366	4.5254e-140
0	367	7.92239e-141
0	368	1.38221e-141
0	369	2.40335e-142
0	370	4.16465e-143
0	371	7.1922e-144
0	372	1.23785e-144
0	373	2.12321e-145
0	374	3.62946e-146
0	375	6.1832e-147
0	376	1.0498e-147
0	377	1.77632e-148
0	378	2.99542e-149
0	379	5.03404e-150
0	380	8.43135e-151
0	381	1.40734e-151
0	382	2.34112e-152
0	383	3.88123e-153
0	384	6.41263e-154
0	385	1.0559e-154
0	386	1.73274e-155
0	387	2.83375e-156
0	388	4.61861e-157
0	389	7.50207e-158
0	390	1.21442e-158
0	391	1.9592e-159
0	392	3.14996e-160
0	393	5.0472e-161
0	394	8.05959e-162
0	395	1.28261e-162
0	396	2.03418e-163
0	397	3.21517e-164
0	398	5.06445e-165
0	399	7.95015e-166
0	400	1.24375e-166
0	401	1.93912e-167
0	402	3.01293e-168
0	403	4.66536e-169
0	404	7.19934e-170
0	405	1.10716e-170
0	406	1.69683e-171
0	407	2.59164e-172
0	408	3.94474e-173
0	409	5.98369e-174
0	410	9.04536e-175
0	411	1.36266e-175
0	412	2.04575e-176
0	413	3.0607e-177
0	414	4.56342e-178
0	415	6.78049e-179
0	416	1.00399e-179
0	417	1.48149e-180
0	418	2.17853e-181
0	419	3.19244e-182
0	420	4.66205e-183
0	421	6.78459e-184
0	422	9.83926e-185
0	423	1.42197e-185
0	424	2.0479e-186
0	425	2.93909e-187
0	426	4.20342e-188
0	427	5.9907e-189
0	428	8.50813e-190
0	429	1.20413e-190
0	430	1.6982e-191
0	431	2.38662e-192
0	432	3.34236e-193
0	433	4.66441e-194
0	434	6.48654e-195
0	435	8.98875e-196
0	436	1.24124e-196
0	437	1.70795e-197
0	438	2.34186e-198
0	439	3.1997e-199
0	440	4.35631e-200
0	441	5.90997e-201
0	442	7.98931e-202
0	443	1.07618e-202
0	444	1.44449e-203
0	445	1.93195e-204
0	446	2.57467e-205
0	447	3.41895e-206
0	448	4.52383e-207
0	449	5.96432e-208
0	450	7.83525e-209
0	451	1.02561e-209
0	452	1.33764e-210
0	453	1.73832e-211
0	454	2.25086e-212
0	455	2.90396e-213
0	456	3.73297e-214
0	457	4.78122e-215
0	458	6.10154e-216
0	459	7.75806e-217
0	460	9.82829e-218
0	461	1.24054e-218
0	462	1.56008e-219
0	463	1.95473e-220
0	464	2.44019e-221
0	465	3.03499e-222
0	466	3.76082e-223
0	467	4.64299e-224
0	468	5.71081e-225
0	469	6.99809e-226
0	470	8.54361e-227
0	471	1.03915e-227
0	472	1.25918e-228
0	473	1.52007e-229
0	474	1.82812e-230
0	475	2.19033e-231
0	476	2.61438e-232
0	477	3.10873e-233
0	478	3.68253e-234
0	479	4.34566e-235
0	480	5.10866e-236
0	481	5.98268e-237
0	482	6.97941e-238
0	483	8.11093e-239
0	484	9.38962e-240
0	485	1.0828e-240
0	486	1.24383e-241
0	487	1.42328e-242
0	488	1.62228e-243
0	489	1.84189e-244
0	490	2.08306e-245
0	491	2.34657e-246
0	492	2.63302e-247
0	493	2.94279e-248
0	494	3.276e-249
0	495	3.63248e-250
0	496	4.01174e-251
0	497	4.41293e-252
0	498	4.83482e-253
0	499	5.27579e-254
0	500	5.73382e-255
0	501	6.20646e-256
0	502	6.69086e-257
0	503	7.18376e-258
0	504	7.68155e-259
0	505	8.18025e-260
0	506	8.67561e-261
0	507	9.16311e-262
0	508	9.63804e-263
0	509	1.00956e-263
0	510	1.05309e-264
0	511	1.09392e-265
0	512	1.13158e-266
0	513	1.16561e-267
0	514	1.19561e-268
0	515	1.2212e-269
0	516	1.24203e-270
0	517	1.25784e-271
0	518	1.2684e-272
0	519	1.27356e-273
0	520	1.27323e-274
0	521	1.26739e-275
0	522	1.25611e-276
0	523	1.23949e-277
0	524	1.21774e-278
0	525	1.19112e-279
0	526	1.15994e-280
0	527	1.12456e-281
0	528	1.08542e-282
0	529	1.04296e-283
0	530	9.97665e-285
0	531	9.50036e-286
0	532	9.00588e-287
0	533	8.49833e-288
0	534	7.98277e-289
0	535	7.46411e-290
0	536	6.947e-291
0	537	6.43579e-292
0	538	5.93449e-293
0	539	5.44668e-294
0	540	4.97551e-295
0	541	4.52366e-296
0	542	4.09337e-297
0	543	3.68637e-298
0	544	3.30396e-299
0	545	2.94698e-300
0	546	2.61587e-301
0	547	2.31068e-302
0	548	2.03113e-303
0	549	1.77664e-304
0	550	1.54638e-305
0	551	1.33928e-306
0	552	1.15413e-307
0	553	9.89594e-309
0	554	8.44237e-310
0	555	7.16579e-311
0	556	6.05125e-312
0	557	5.08386e-313
0	558	4.24911e-314
0	559	3.533e-315
0	560	2.92226e-316
0	561	2.40441e-317
0	562	1.96787e-318
0	563	1.60201e-319
0	564	1.29742e-320
0	565	1.04248e-321
0	566	7.90505e-323
0	567	4.94066e-324
0	568	0
0	569	0
0	570	0
0	571	0
0	572	0
0	573	0
0	574	0
0	575	0
0	576	0
0	577	0
0	578	0
0	579	0
0	580	0
0	581	0
0	582	0
0	583	0
0	584	0
0	585	0
0	586	0
0	587	0
0	588	0
0	589	0
0	590	0
0	591	0
0	592	0
0	593	0
0	594	0
0	595	0
0	596	0
0	597	0
0	598	0
0	599	0
0	600	0
0	601	0
0	602	0
0	603	0
0	604	0
0	605	0
0	606	0
0	607	0
0	608	0
0	609	0
0	610	0
0	611	0
0	612	0
0	613	0
0	614	0
0	615	0
0	616	0
0	617	0
0	618	0
0	619	0
0	620	0
0	621	0
0	622	0
0	623	0
0	624	0
0	625	0
0	626	0
0	627	0
0	628	0
0	629	0
0	630	0
0	631	0
0	632	0
0	633	0
0	634	0
0	635	0
0	636	0
0	637	0
0	638	0
0	639	0
0	640	0
0	641	0
0	642	0
0	643	0
0	644	0
0	645	0
0	646	0
0	647	0
0	648	0
0	649	0
0	650	0
0	651	0
0	652	0
0	653	0
0	654	0
0	655	0
0	656	0
0	657	0
0	658	0
0	659	0
0	660	0
0	661	0
0	662	0
0	663	0
0	664	0
0	665	0
0	666	0
0	667	0
0	668	0
0	669	0
0	670	0
0	671	0
0	672	0
0	673	0
0	674	0
0	675	0
0	676	0
0	677	0
0	678	0
0	679	0
0	680	0
0	681	0
0	682	0
0	683	0
0	684	0
0	685	0
0	686	0
0	687	0
0	688	0
0	689	0
0	690	0
0	691	0
0	692	0
0	693	0
0	694	0
0	695	0
0	696	0
0	697	0
0	698	0
0	699	0
0	700	0
0	701	0
0	702	0
0	703	0
0	704	0
0	705	0
0	706	0
0	707	0
0	708	0
0	709	0
0	710	0
0	711	0
0	712	0
0	713	0
0	714	0
0	715	0
0	716	0
0	717	0
0	718	0
0	719	0
0	720	0
0	721	0
0	722	0
0	723	0
0	724	0
0	725	0
0	726	0
0	727	0
0	728	0
0	729	0
0	730	0
0	731	0
0	732	0
0	733	0
0	734	0
0	735	0
0	736	0
0	737	0
0	738	0
0	739	0
0	740	0
0	741	0
0	742	0
0	743	0
0	744	0
0	745	0
0	746	0
0	747	0
0	748	0
0	749	0
0	750	0
0	751	0
0	752	0
0	753	0
0	754	0
0	755	0
0	756	0
0	757	0
0	758	0
0	759	0
0	760	0
0	761	0
0	762	0
0	763	0
0	764	0
0	765	0
0	766	0
0	767	0
0	768	0
0	769	0
0	770	0
0	771	0
0	772	0
0	773	0
0	774	0
0	775	0
0	776	0
0	777	0
0	778	0
0	779	0
0	780	0
0	781	0
0	782	0
0	783	0
0	784	0
0	785	0
0	786	0
0	787	0
0	788	0
0	789	0
0	790	0
0	791	0
0	792	0
0	793	0
0	794	0
0	795	0
0	796	0
0	797	0
0	798	0
0	799	0
0	800	0
0	801	0
0	802	0
0	803	0
0	804	0
0	805	0
0	806	0
0	807	0
0	808	0
0	809	0
0	810	0
0	811	0
0	812	0
0	813	0
0	814	0
0	815	0
0	816	0
0	817	0
0	818	0
0	819	0
0	820	0
0	821	0
0	822	0
0	823	0
0	824	0
0	825	0
0	826	0
0	827	0
0	828	0
0	829	0
0	830	0
0	831	0
0	832	0
0	833	0
0	834	0
0	835	0
0	836	0
0	837	0
0	838	0
0	839	0
0	840	0
0	841	0
0	842	0
0	843	0
0	844	0
0	845	0
0	846	0
0	847	0
0	848	0
0	849	0
0	850	0
0	851	0
0	852	0
0	853	0
0	854	0
0	855	0
0	856	0
0	857	0
0	858	0
0	859	0
0	860	0
0	861	0
0	862	0
0	863	0
0	864	0
0	865	0
0	866	0
0	867	0
0	868	0
0	869	0
0	870	0
0	871	0
0	872	0
0	873	0
0	874	0
0	875	0
0	876	0
0	877	0
0	878	0
0	879	0
0	880	0
0	881	0
0	882	0
0	883	0
0	884	0
0	885	0
0	886	0
0	887	0
0	888	0
0	889	0
0	890	0
0	891	0
0	892	0
0	893	0
0	894	0
0	895	0
0	896	0
0	897	0
0	898	0
0	899	0
0	900	0
0	901	0
0	902	0
0	903	0
0	904	0
0	905	0
0	906	0
0	907	0
0	908	0
0	909	0
0	910	0
0	911	0
0	912	0
0	913	0
0	914	0
0	915	0
0	916	0
0	917	0
0	918	0
0	919	0
0	920	0
0	921	0
0	922	0
0	923	0
0	924	0
0	925	0
0	926	0
0	927	0
0	928	0
0	929	0
0	930	0
0	931	0
0	932	0
0	933	0
0	934	0
0	935	0
0	936	0
0	937	0
0	938	0
0	939	0
0	940	0
0	941	0
0	942	0
0	943	0
0	944	0
0	945	0
0	946	0
0	947	0
0	948	0
0	949	0
0	950	0
0	951	0
0	952	0
0	953	0
0	954	0
0	955	0
0	956	0
0	957	0
0	958	0
0	959	0
0	960	0
0	961	0
0	962	0
0	963	0
0	964	0
0	965	0
0	966	0
0	967	0
0	968	0
0	969	0
0	970	0
0	971	0
0	972	0
0	973	0
0	974	0
0	975	0
0	976	0
0	977	0
0	978	0
0	979	0
0	980	0
0	981	0
0	982	0
0	983	0
0	984	0
0	985	0
0	986	0
0	987	0
0	988	0
0	989	0
0	990	0
0	991	0
0	992	0
0	993	0
0	994	0
0	995	0
0	996	0
0	997	0
0	998	0
0	999	0
1	0	0
1	1	-0.401833
1	2	-0.492649
1	3	-0.619663
1	4	-0.295427
1	5	12.5034
1	6	17.515
1	7	0.190285
1	8	-10.7823
1	9	0.106082
1	10	-0.415044
1	11	-0.568456
1	12	-0.59844
1	13	-0.599069
1	14	-0.589803
1	15	-0.57397
1	16	-0.547295
1	17	-0.449733
1	18	0.191623
1	19	17.5745
1	20	6.29776
1	21	2.86913
1	22	2.10557
1	23	1.9475
1	24	1.99801
1	25	2.10001
1	26	2.1924
1	27	2.26533
1	28	2.32577
1	29	2.38124
1	30	2.43594
1	31	2.49146
1	32	2.54808
1	33	2.60564
1	34	2.66389
1	35	2.72263
1	36	2.78175
1	37	2.84117
1	38	2.90083
1	39	2.96071
1	40	3.02079
1	41	3.08105
1	42	3.14148
1	43	3.20207
1	44	3.26283
1	45	3.32375
1	46	3.38482
1	47	3.44605
1	48	3.50743
1	49	3.56895
1	50	3.63063
1	51	3.69244
1	52	3.75439
1	53	3.81648
1	54	3.8787
1	55	3.94104
1	56	4.00351
1	57	4.06609
1	58	4.12878
1	59	4.19157
1	60	4.25445
1	61	4.3174
1	62	4.3804
1	63	4.44344
1	64	4.50649
1	65	4.56949
1	66	4.6324
1	67	4.69514
1	68	4.75762
1	69	4.81968
1	70	4.88113
1	71	4.9417
1	72	5.00099
1	73	5.05845
1	74	5.1133
1	75	5.16442
1	76	5.21019
1	77	5.24834
1	78	5.27559
1	79	5.28734
1	80	5.27719
1	81	5.23646
1	82	5.15387
1	83	5.01571
1	84	4.80716
1	85	4.51542
1	86	4.13509
1	87	3.67426
1	88	3.15802
1	89	2.62504
1	90	2.11698
1	91	1.66636
1	92	1.28985
1	93	0.989394
1	94	0.7575
1	95	0.582805
1	96	0.453665
1	97	0.359808
1	98	0.292742
1	99	0.245564
1	100	0.21257
1	101	0.188919
1	102	0.170448
1	103	0.15374
1	104	0.136382
1	105	0.11727
1	106	0.0966719
1	107	0.0758895
1	108	0.056586
1	109	0.0401092
1	110	0.0271139
1	111	0.0175609
1	112	0.0109527
1	113	0.00661112
1	114	0.00387946
1	115	0.00222181
1	116	0.00124596
1	117	0.000686001
1	118	0.00037163
1	119	0.000198436
1	120	0.000104582
1	121	5.4465e-05
1	122	2.80539e-05
1	123	1.43025e-05
1	124	7.22161e-06
1	125	3.61315e-06
1	126	1.79205e-06
1	127	8.81427e-07
1	128	4.30058e-07
1	129	2.08203e-07
1	130	1.00039e-07
1	131	4.77156e-08
1	132	2.25963e-08
1	133	1.0626e-08
1	134	4.96273e-09
1	135	2.3022e-09
1	136	1.06093e-09
1	137	4.85734e-10
1	138	2.20963e-10
1	139	9.98821e-11
1	140	4.48681e-11
1	141	2.0031e-11
1	142	8.88818e-12
1	143	3.92009e-12
1	144	1.71861e-12
1	145	7.49002e-13
1	146	3.24516e-13
1	147	1.39784e-13
1	148	5.98644e-14
1	149	2.54911e-14
1	150	1.07929e-14
1	151	4.54394e-15
1	152	1.90235e-15
1	153	7.92006e-16
1	154	3.27915e-16
1	155	1.35022e-16
1	156	5.52935e-17
1	157	2.25207e-17
1	158	9.12313e-18
1	159	3.67596e-18
1	160	1.47325e-18
1	161	5.8732e-19
1	162	2.32903e-19
1	163	9.18738e-20
1	164	3.60524e-20
1	165	1.40739e-20
1	166	5.46569e-21
1	167	2.11171e-21
1	168	8.11694e-22
1	169	3.10407e-22
1	170	1.18103e-22
1	171	4.47084e-23
1	172	1.68394e-23
1	173	6.3108e-24
1	174	2.35326e-24
1	175	8.73157e-25
1	176	3.22375e-25
1	177	1.18436e-25
1	178	4.32984e-26
1	179	1.57519e-26
1	180	5.70259e-27
1	181	2.05448e-27
1	182	7.36593e-28
1	183	2.6282e-28
1	184	9.3326e-29
1	185	3.29813e-29
1	186	1.16001e-29
1	187	4.06061e-30
1	188	1.4147e-30
1	189	4.90556e-31
1	190	1.69305e-31
1	191	5.81593e-32
1	192	1.98857e-32
1	193	6.7677e-33
1	194	2.2926e-33
1	195	7.73054e-34
1	196	2.59473e-34
1	197	8.66924e-35
1	198	2.88326e-35
1	199	9.54571e-36
1	200	3.14601e-36
1	201	1.03215e-36
1	202	3.37108e-37
1	203	1.09607e-37
1	204	3.54783e-38
1	205	1.14326e-38
1	206	3.66769e-39
1	207	1.17142e-39
1	208	3.72483e-40
1	209	1.17919e-40
1	210	3.71665e-41
1	211	1.16631e-41
1	212	3.64397e-42
1	213	1.13356e-42
1	214	3.51094e-43
1	215	1.08273e-43
1	216	3.32461e-44
1	217	1.01646e-44
1	218	3.09437e-45
1	219	9.37983e-46
1	220	2.83114e-46
1	221	8.50899e-47
1	222	2.54654e-47
1	223	7.58896e-48
1	224	2.25206e-48
1	225	6.65499e-49
1	226	1.95835e-49
1	227	5.73872e-50
1	228	1.67465e-50
1	229	4.86659e-51
1	230	1.40838e-51
1	231	4.05897e-52
1	232	1.16497e-52
1	233	3.32985e-53
1	234	9.4787e-54
1	235	2.68715e-54
1	236	7.58677e-55
1	237	2.13329e-55
1	238	5.97416e-56
1	239	1.66625e-56
1	240	4.62853e-57
1	241	1.28054e-57
1	242	3.52851e-58
1	243	9.68379e-59
1	244	2.64702e-59
1	245	7.20661e-60
1	246	1.95421e-60
1	247	5.27817e-61
1	248	1.41994e-61
1	249	3.80483e-62
1	250	1.01551e-62
1	251	2.69972e-63
1	252	7.14897e-64
1	253	1.88566e-64
1	254	4.95429e-65
1	255	1.29659e-65
1	256	3.38009e-66
1	257	8.77737e-67
1	258	2.27046e-67
1	259	5.85032e-68
1	260	1.50164e-68
1	261	3.83952e-69
1	262	9.77946e-70
1	263	2.48133e-70
1	264	6.27173e-71
1	265	1.57917e-71
1	266	3.96107e-72
1	267	9.89782e-73
1	268	2.46385e-73
1	269	6.11e-74
1	270	1.50946e-74
1	271	3.71501e-75
1	272	9.10877e-76
1	273	2.22496e-76
1	274	5.41443e-77
1	275	1.31266e-77
1	276	3.17049e-78
1	277	7.62913e-79
1	278	1.82896e-79
1	279	4.36831e-80
1	280	1.03946e-80
1	281	2.46428e-81
1	282	5.82054e-82
1	283	1.36971e-82
1	284	3.21138e-83
1	285	7.50157e-84
1	286	1.74588e-84
1	287	4.04837e-85
1	288	9.35304e-86
1	289	2.15296e-86
1	290	4.93775e-87
1	291	1.12833e-87
1	292	2.56899e-88
1	293	5.82782e-89
1	294	1.31726e-89
1	295	2.96662e-90
1	296	6.657e-91
1	297	1.48841e-91
1	298	3.31589e-92
1	299	7.36054e-93
1	300	1.628e-93
1	301	3.58788e-94
1	302	7.87882e-95
1	303	1.72396e-95
1	304	3.75868e-96
1	305	8.16566e-97
1	306	1.76765e-97
1	307	3.81285e-98
1	308	8.19515e-99
1	309	1.75517e-99
1	310	3.74572e-100
1	311	7.96547e-101
1	312	1.6879e-101
1	313	3.56406e-102
1	314	7.49906e-103
1	315	1.57229e-103
1	316	3.28495e-104
1	317	6.83899e-105
1	318	1.41882e-105
1	319	2.93314e-106
1	320	6.04245e-107
1	321	1.24042e-107
1	322	2.53748e-108
1	323	5.17266e-109
1	324	1.05077e-109
1	325	2.12707e-110
1	326	4.2908e-111
1	327	8.62542e-112
1	328	1.72786e-112
1	329	3.44925e-113
1	330	6.86165e-114
1	331	1.36026e-114
1	332	2.68726e-115
1	333	5.2904e-116
1	334	1.03791e-116
1	335	2.02922e-117
1	336	3.9536e-118
1	337	7.67635e-119
1	338	1.4853e-119
1	339	2.86401e-120
1	340	5.50346e-121
1	341	1.0539e-121
1	342	2.01124e-122
1	343	3.82502e-123
1	344	7.24949e-124
1	345	1.36926e-124
1	346	2.57735e-125
1	347	4.83467e-126
1	348	9.03794e-127
1	349	1.68376e-127
1	350	3.12609e-128
1	351	5.78407e-129
1	352	1.06654e-129
1	353	1.95989e-130
1	354	3.58922e-131
1	355	6.55061e-132
1	356	1.19145e-132
1	357	2.15967e-133
1	358	3.90133e-134
1	359	7.02351e-135
1	360	1.26012e-135
1	361	2.25313e-136
1	362	4.01493e-137
1	363	7.12995e-138
1	364	1.26187e-138
1	365	2.22566e-139
1	366	3.91222e-140
1	367	6.8534e-141
1	368	1.19649e-141
1	369	2.08176e-142
1	370	3.60971e-143
1	371	6.23784e-144
1	372	1.07428e-144
1	373	1.84382e-145
1	374	3.15385e-146
1	375	5.3763e-147
1	376	9.13372e-148
1	377	1.54644e-148
1	378	2.60938e-149
1	379	4.38795e-150
1	380	7.35373e-151
1	381	1.22821e-151
1	382	2.04437e-152
1	383	3.39131e-153
1	384	5.60652e-154
1	385	9.23719e-155
1	386	1.51672e-155
1	387	2.48194e-156
1	388	4.04757e-157
1	389	6.57836e-158
1	390	1.06551e-158
1	391	1.71996e-159
1	392	2.7669e-160
1	393	4.43595e-161
1	394	7.08756e-162
1	395	1.12856e-162
1	396	1.79087e-163
1	397	2.83218e-164
1	398	4.46367e-165
1	399	7.01094e-166
1	400	1.09742e-166
1	401	1.71192e-167
1	402	2.66138e-168
1	403	4.12324e-169
1	404	6.36623e-170
1	405	9.79568e-171
1	406	1.50209e-171
1	407	2.29543e-172
1	408	3.49574e-173
1	409	5.30542e-174
1	410	8.02428e-175
1	411	1.20947e-175
1	412	1.81672e-176
1	413	2.71946e-177
1	414	4.05674e-178
1	415	6.03075e-179
1	416	8.93437e-180
1	417	1.31903e-180
1	418	1.94061e-181
1	419	2.84524e-182
1	420	4.15712e-183
1	421	6.05283e-184
1	422	8.78243e-185
1	423	1.26987e-185
1	424	1.82975e-186
1	425	2.62731e-187
1	426	3.75938e-188
1	427	5.36047e-189
1	428	7.61679e-190
1	429	1.0785e-190
1	430	1.52177e-191
1	431	2.13969e-192
1	432	2.99799e-193
1	433	4.18584e-194
1	434	5.82378e-195
1	435	8.07417e-196
1	436	1.11547e-196
1	437	1.53562e-197
1	438	2.10656e-198
1	439	2.87955e-199
1	440	3.92226e-200
1	441	5.32359e-201
1	442	7.19994e-202
1	443	9.70301e-203
1	444	1.30297e-203
1	445	1.74346e-204
1	446	2.32454e-205
1	447	3.0882e-206
1	448	4.08804e-207
1	449	5.39219e-208
1	450	7.08684e-209
1	451	9.28055e-210
1	452	1.21095e-210
1	453	1.57438e-211
1	454	2.03948e-212
1	455	2.63241e-213
1	456	3.3854e-214
1	457	4.33794e-215
1	458	5.53826e-216
1	459	7.04493e-217
1	460	8.92873e-218
1	461	1.12748e-218
1	462	1.41852e-219
1	463	1.77811e-220
1	464	2.22066e-221
1	465	2.76313e-222
1	466	3.4254e-223
1	467	4.23067e-224
1	468	5.20586e-225
1	469	6.38202e-226
1	470	7.79474e-227
1	471	9.48463e-228
1	472	1.14977e-228
1	473	1.38857e-229
1	474	1.67067e-230
1	475	2.0025e-231
1	476	2.39118e-232
1	477	2.84449e-233
1	478	3.37089e-234
1	479	3.97953e-235
1	480	4.68015e-236
1	481	5.48309e-237
1	482	6.39917e-238
1	483	7.43962e-239
1	484	8.61595e-240
1	485	9.93977e-241
1	486	1.14226e-241
1	487	1.30757e-242
1	488	1.49099e-243
1	489	1.6935e-244
1	490	1.916e-245
1	491	2.15923e-246
1	492	2.42376e-247
1	493	2.70998e-248
1	494	3.01802e-249
1	495	3.34773e-250
1	496	3.6987e-251
1	497	4.07017e-252
1	498	4.46102e-253
1	499	4.86979e-254
1	500	5.29461e-255
1	501	5.73325e-256
1	502	6.18309e-257
1	503	6.64113e-258
1	504	7.10404e-259
1	505	7.56813e-260
1	506	8.02948e-261
1	507	8.48389e-262
1	508	8.927e-263
1	509	9.35433e-264
1	510	9.76138e-265
1	511	1.01436e-265
1	512	1.04968e-266
1	513	1.08165e-267
1	514	1.10991e-268
1	515	1.13408e-269
1	516	1.15386e-270
1	517	1.16898e-271
1	518	1.17923e-272
1	519	1.18447e-273
1	520	1.1846e-274
1	521	1.1796e-275
1	522	1.16953e-276
1	523	1.15448e-277
1	524	1.13464e-278
1	525	1.11024e-279
1	526	1.08157e-280
1	527	1.04897e-281
1	528	1.01283e-282
1	529	9.73562e-284
1	530	9.31618e-285
1	531	8.87464e-286
1	532	8.41576e-287
1	533	7.94434e-288
1	534	7.46508e-289
1	535	6.98257e-290
1	536	6.50116e-291
1	537	6.02492e-292
1	538	5.55761e-293
1	539	5.10261e-294
1	540	4.66287e-295
1	541	4.24093e-296
1	542	3.8389e-297
1	543	3.45843e-298
1	544	3.10077e-299
1	545	2.76672e-300
1	546	2.45673e-301
1	547	2.17088e-302
1	548	1.90892e-303
1	549	1.67034e-304
1	550	1.45436e-305
1	551	1.26003e-306
1	552	1.08622e-307
1	553	9.31694e-309
1	554	7.95121e-310
1	555	6.75128e-311
1	556	5.70321e-312
1	557	4.79314e-313
1	558	4.00753e-314
1	559	3.3333e-315
1	560	2.75804e-316
1	561	2.27009e-317
1	562	1.85861e-318
1	563	1.51357e-319
1	564	1.22627e-320
1	565	9.88131e-322
1	566	7.90505e-323
1	567	4.94066e-324
1	568	0
1	569	0
1	570	0
1	571	0
1	572	0
1	573	0
1	574	0
1	575	0
1	576	0
1	577	0
1	578	0
1	579	0
1	580	0
1	581	0
1	582	0
1	583	0
1	584	0
1	585	0
1	586	0
1	587	0
1	588	0
1	589	0
1	590	0
1	591	0
1	592	0
1	593	0
1	594	0
1	595	0
1	596	0
1	597	0
1	598	0
1	599	0
1	600	0
1	601	0
1	602	0
1	603	0
1	604	0
1	605	0
1	606	0
1	607	0
1	608	0
1	609	0
1	610	0
1	611	0
1	612	0
1	613	0
1	614	0
1	615	0
1	616	0
1	617	0
1	618	0
1	619	0
1	620	0
1	621	0
1	622	0
1	623	0
1	624	0
1	625	0
1	626	0
1	627	0
1	628	0
1	629	0
1	630	0
1	631	0
1	632	0
1	633	0
1	634	0
1	635	0
1	636	0
1	637	0
1	638	0
1	639	0
1	640	0
1	641	0
1	642	0
1	643	0
1	644	0
1	645	0
1	646	0
1	647	0
1	648	0
1	649	0
1	650	0
1	651	0
1	652	0
1	653	0
1	654	0
1	655	0
1	656	0
1	657	0
1	658	0
1	659	0
1	660	0
1	661	0
1	662	0
1	663	0
1	664	0
1	665	0
1	666	0
1	667	0
1	668	0
1	669	0
1	670	0
1	671	0
1	672	0
1	673	0
1	674	0
1	675	0
1	676	0
1	677	0
1	678	0
1	679	0
1	680	0
1	681	0
1	682	0
1	683	0
1	684	0
1	685	0
1	686	0
1	687	0
1	688	0
1	689	0
1	690	0
1	691	0
1	692	0
1	693	0
1	694	0
1	695	0
1	696	0
1	697	0
1	698	0
1	699	0
1	700	0
1	701	0
1	702	0
1	703	0
1	704	0
1	705	0
1	706	0
1	707	0
1	708	0
1	709	0
1	710	0
1	711	0
1	712	0
1	713	0
1	714	0
1	715	0
1	716	0
1	717	0
1	718	0
1	719	0
1	720	0
1	721	0
1	722	0
1	723	0
1	724	0
1	725	0
1	726	0
1	727	0
1	728	0
1	729	0
1	730	0
1	731	0
1	732	0
1	733	0
1	734	0
1	735	0
1	736	0
1	737	0
1	738	0
1	739	0
1	740	0
1	741	0
1	742	0
1	743	0
1	744	0
1	745	0
1	746	0
1	747	0
1	748	0
1	749	0
1	750	0
1	751	0
1	752	0
1	753	0
1	754	0
1	755	0
1	756	0
1	757	0
1	758	0
1	759	0
1	760	0
1	761	0
1	762	0
1	763	0
1	764	0
1	765	0
1	766	0
1	767	0
1	768	0
1	769	0
1	770	0
1	771	0
1	772	0
1	773	0
1	774	0
1	775	0
1	776	0
1	777	0
1	778	0
1	779	0
1	780	0
1	781	0
1	782	0
1	783	0
1	784	0
1	785	0
1	786	0
1	787	0
1	788	0
1	789	0
1	790	0
1	791	0
1	792	0
1	793	0
1	794	0
1	795	0
1	796	0
1	797	0
1	798	0
1	799	0
1	800	0
1	801	0
1	802	0
1	803	0
1	804	0
1	805	0
1	806	0
1	807	0
1	808	0
1	809	0
1	810	0
1	811	0
1	812	0
1	813	0
1	814	0
1	815	0
1	816	0
1	817	0
1	818	0
1	819	0
1	820	0
1	821	0
1	822	0
1	823	0
1	824	0
1	825	0
1	826	0
1	827	0
1	828	0
1	829	0
1	830	0
1	831	0
1	832	0
1	833	0
1	834	0
1	835	0
1	836	0
1	837	0
1	838	0
1	839	0
1	840	0
1	841	0
1	842	0
1	843	0
1	844	0
1	845	0
1	846	0
1	847	0
1	848	0
1	849	0
1	850	0
1	851	0
1	852	0
1	853	0
1	854	0
1	855	0
1	856	0
1	857	0
1	858	0
1	859	0
1	860	0
1	861	0
1	862	0
1	863	0
1	864	0
1	865	0
1	866	0
1	867	0
1	868	0
1	869	0
1	870	0
1	871	0
1	872	0
1	873	0
1	874	0
1	875	0
1	876	0
1	877	0
1	878	0
1	879	0
1	880	0
1	881	0
1	882	0
1	883	0
1	884	0
1	885	0
1	886	0
1	887	0
1	888	0
1	889	0
1	890	0
1	891	0
1	892	0
1	893	0
1	894	0
1	895	0
1	896	0
1	897	0
1	898	0
1	899	0
1	900	0
1	901	0
1	902	0
1	903	0
1	904	0
1	905	0
1	906	0
1	907	0
1	908	0
1	909	0
1	910	0
1	911	0
1	912	0
1	913	0
1	914	0
1	915	0
1	916	0
1	917	0
1	918	0
1	919	0
1	920	0
1	921	0
1	922	0
1	923	0
1	924	0
1	925	0
1	926	0
1	927	0
1	928	0
1	929	0
1	930	0
1	931	0
1	932	0
1	933	0
1	934	0
1	935	0
1	936	0
1	937	0
1	938	0
1	939	0
1	940	0
1	941	0
1	942	0
1	943	0
1	944	0
1	945	0
1	946	0
1	947	0
1	948	0
1	949	0
1	950	0
1	951	0
1	952	0
1	953	0
1	954	0
1	955	0
1	956	0
1	957	0
1	958	0
1	959	0
1	960	0
1	961	0
1	962	0
1	963	0
1	964	0
1	965	0
1	966	0
1	967	0
1	968	0
1	969	0
1	970	0
1	971	0
1	972	0
1	973	0
1	974	0
1	975	0
1	976	0
1	977	0
1	978	0
1	979	0
1	980	0
1	981	0
1	982	0
1	983	0
1	984	0
1	985	0
1	986	0
1	987	0
1	988	0
1	989	0
1	990	0
1	991	0
1	992	0
1	993	0
1	994	0
1	995	0
1	996	0
1	997	0
1	998	0
1	999	0
