2	350
0	0	0
0	1	0.150916
0	2	0.0741248
0	3	0.0915826
0	4	0.052214
0	5	0.0322102
0	6	0.0400428
0	7	0.59526
0	8	0.865374
0	9	0.988953
0	10	1.04403
0	11	1.06702
0	12	1.07335
0	13	1.06728
0	14	1.04471
0	15	0.99049
0	16	0.868714
0	17	0.602295
0	18	0.0532046
0	19	0.0133205
0	20	0.00759404
0	21	0.00417699
0	22	0.00199071
0	23	0.000854541
0	24	0.000345002
0	25	0.000141958
0	26	7.07325e-05
0	27	5.15326e-05
0	28	5.27629e-05
0	29	6.39673e-05
0	30	8.34029e-05
0	31	0.000113454
0	32	0.000159764
0	33	0.0002324
0	34	0.000348911
0	35	0.00054032
0	36	0.000862601
0	37	0.0014189
0	38	0.00240341
0	39	0.00418928
0	40	0.00750776
0	41	0.0138165
0	42	0.0260569
0	43	0.0501825
0	44	0.0980503
0	45	0.191982
0	46	0.36823
0	47	0.666002
0	48	1.07999
0	49	1.51028
0	50	1.8239
0	51	1.96842
0	52	1.96624
0	53	1.84777
0	54	1.62514
0	55	1.30836
0	56	0.934959
0	57	0.577868
0	58	0.306599
0	59	0.141546
0	60	0.058304
0	61	0.0219827
0	62	0.00774441
0	63	0.00258731
0	64	0.000828091
0	65	0.000255674
0	66	7.65171e-05
0	67	2.22726e-05
0	68	6.32138e-06
0	69	1.75268e-06
0	70	4.75425e-07
0	71	1.26318e-07
0	72	3.29055e-08
0	73	8.41096e-09
0	74	2.11103e-09
0	75	5.20564e-10
0	76	1.26186e-10
0	77	3.00817e-11
0	78	7.05557e-12
0	79	1.62878e-12
0	80	3.70206e-13
0	81	8.28727e-14
0	82	1.82765e-14
0	83	3.97199e-15
0	84	8.50879e-16
0	85	1.79711e-16
0	86	3.74309e-17
0	87	7.69002e-18
0	88	1.55867e-18
0	89	3.11743e-19
0	90	6.15371e-20
0	91	1.19909e-20
0	92	2.30684e-21
0	93	4.38234e-22
0	94	8.22219e-23
0	95	1.5238e-23
0	96	2.78994e-24
0	97	5.04718e-25
0	98	9.02302e-26
0	99	1.59428e-26
0	100	2.78447e-27
0	101	4.80778e-28
0	102	8.20772e-29
0	103	1.38558e-29
0	104	2.31324e-30
0	105	3.81982e-31
0	106	6.23947e-32
0	107	1.00828e-32
0	108	1.6121e-33
0	109	2.55049e-34
0	110	3.99321e-35
0	111	6.18773e-36
0	112	9.49062e-37
0	113	1.44096e-37
0	114	2.16595e-38
0	115	3.22343e-39
0	116	4.75013e-40
0	117	6.9318e-41
0	118	1.00179e-41
0	119	1.43397e-42
0	120	2.03313e-43
0	121	2.85556e-44
0	122	3.9733e-45
0	123	5.4775e-46
0	124	7.48195e-47
0	125	1.01271e-47
0	126	1.35837e-48
0	127	1.80574e-49
0	128	2.37914e-50
0	129	3.10703e-51
0	130	4.02219e-52
0	131	5.16179e-53
0	132	6.56729e-54
0	133	8.28419e-55
0	134	1.03614e-55
0	135	1.28505e-56
0	136	1.58045e-57
0	137	1.92765e-58
0	138	2.33178e-59
0	139	2.79758e-60
0	140	3.32922e-61
0	141	3.92996e-62
0	142	4.602e-63
0	143	5.34613e-64
0	144	6.16158e-65
0	145	7.04575e-66
0	146	7.99405e-67
0	147	8.99981e-68
0	148	1.00542e-68
0	149	1.11465e-69
0	150	1.22636e-70
0	151	1.33909e-71
0	152	1.45123e-72
0	153	1.56105e-73
0	154	1.66675e-74
0	155	1.76653e-75
0	156	1.85859e-76
0	157	1.94124e-77
0	158	2.01291e-78
0	159	2.07224e-79
0	160	2.11809e-80
0	161	2.14958e-81
0	162	2.16615e-82
0	163	2.16752e-83
0	164	2.15375e-84
0	165	2.12522e-85
0	166	2.08259e-86
0	167	2.02681e-87
0	168	1.95905e-88
0	169	1.88069e-89
0	170	1.79327e-90
0	171	1.69843e-91
0	172	1.59784e-92
0	173	1.49322e-93
0	174	1.38621e-94
0	175	1.27839e-95
0	176	1.17124e-96
0	177	1.06608e-97
0	178	9.64058e-99
0	179	8.66175e-100
0	180	7.73231e-101
0	181	6.85847e-102
0	182	6.04466e-103
0	183	5.29368e-104
0	184	4.60678e-105
0	185	3.98384e-106
0	186	3.42362e-107
0	187	2.92388e-108
0	188	2.48163e-109
0	189	2.09328e-110
0	190	1.75487e-111
0	191	1.46218e-112
0	192	1.2109e-113
0	193	9.96722e-115
0	194	8.15478e-116
0	195	6.63183e-117
0	196	5.36103e-118
0	197	4.30792e-119
0	198	3.44113e-120
0	199	2.7325e-121
0	200	2.15703e-122
0	201	1.69276e-123
0	202	1.32066e-124
0	203	1.02436e-125
0	204	7.8993e-127
0	205	6.05632e-128
0	206	4.61661e-129
0	207	3.49897e-130
0	208	2.63676e-131
0	209	1.9757e-132
0	210	1.47198e-133
0	211	1.09049e-134
0	212	8.03325e-136
0	213	5.88458e-137
0	214	4.28651e-138
0	215	3.10503e-139
0	216	2.2367e-140
0	217	1.60228e-141
0	218	1.14148e-142
0	219	8.08726e-144
0	220	5.69832e-145
0	221	3.99313e-146
0	222	2.78296e-147
0	223	1.92901e-148
0	224	1.32986e-149
0	225	9.11858e-151
0	226	6.21877e-152
0	227	4.21838e-153
0	228	2.84615e-154
0	229	1.91005e-155
0	230	1.27502e-156
0	231	8.46607e-158
0	232	5.59168e-159
0	233	3.67372e-160
0	234	2.40093e-161
0	235	1.56088e-162
0	236	1.00944e-163
0	237	6.49413e-165
0	238	4.15619e-166
0	239	2.64612e-167
0	240	1.67598e-168
0	241	1.05604e-169
0	242	6.61985e-171
0	243	4.12837e-172
0	244	2.5614e-173
0	245	1.58106e-174
0	246	9.70957e-176
0	247	5.93245e-177
0	248	3.60626e-178
0	249	2.18109e-179
0	250	1.31247e-180
0	251	7.85794e-182
0	252	4.68098e-183
0	253	2.77445e-184
0	254	1.6362e-185
0	255	9.601e-187
0	256	5.60563e-188
0	257	3.25659e-189
0	258	1.88251e-190
0	259	1.08281e-191
0	260	6.19739e-193
0	261	3.52951e-194
0	262	2.0002e-195
0	263	1.12794e-196
0	264	6.32937e-198
0	265	3.53425e-199
0	266	1.96383e-200
0	267	1.08587e-201
0	268	5.97489e-203
0	269	3.27159e-204
0	270	1.78267e-205
0	271	9.66645e-207
0	272	5.21617e-208
0	273	2.8011e-209
0	274	1.49693e-210
0	275	7.96105e-212
0	276	4.21349e-213
0	277	2.21931e-214
0	278	1.16332e-215
0	279	6.06866e-217
0	280	3.15064e-218
0	281	1.62787e-219
0	282	8.37068e-221
0	283	4.28373e-222
0	284	2.18176e-223
0	285	1.10591e-224
0	286	5.57902e-226
0	287	2.8011e-227
0	288	1.39969e-228
0	289	6.96101e-230
0	290	3.44548e-231
0	291	1.69733e-232
0	292	8.32199e-234
0	293	4.06098e-235
0	294	1.97233e-236
0	295	9.53407e-238
0	296	4.58697e-239
0	297	2.19647e-240
0	298	1.04683e-241
0	299	4.96576e-243
0	300	2.3445e-244
0	301	1.10172e-245
0	302	5.15294e-247
0	303	2.39882e-248
0	304	1.11149e-249
0	305	5.12595e-251
0	306	2.35293e-252
0	307	1.07501e-253
0	308	4.88856e-255
0	309	2.21268e-256
0	310	9.96843e-258
0	311	4.46997e-259
0	312	1.99506e-260
0	313	8.86294e-262
0	314	3.91899e-263
0	315	1.72482e-264
0	316	7.55595e-266
0	317	3.29465e-267
0	318	1.4299e-268
0	319	6.17704e-270
0	320	2.65602e-271
0	321	1.13673e-272
0	322	4.84245e-274
0	323	2.05329e-275
0	324	8.66587e-277
0	325	3.64044e-278
0	326	1.52221e-279
0	327	6.33541e-281
0	328	2.62454e-282
0	329	1.08221e-283
0	330	4.44169e-285
0	331	1.81453e-286
0	332	7.37833e-288
0	333	2.98628e-289
0	334	1.20304e-290
0	335	4.82403e-292
0	336	1.92538e-293
0	337	7.64891e-295
0	338	3.02454e-296
0	339	1.1904e-297
0	340	4.66342e-299
0	341	1.8184e-300
0	342	7.05746e-302
0	343	2.72634e-303
0	344	1.0483e-304
0	345	4.01198e-306
0	346	1.52828e-307
0	347	5.79452e-309
0	348	2.18369e-310
0	349	0
1	0	0
1	1	-0.386397
1	2	3.93002
1	3	1.67504
1	4	2.79159
1	5	3.45998
1	6	16.7037
1	7	-0.596932
1	8	-0.60894
1	9	-0.607413
1	10	-0.605717
1	11	-0.604842
1	12	-0.604585
1	13	-0.604836
1	14	-0.605706
1	15	-0.607403
1	16	-0.609017
1	17	-0.59785
1	18	12.6026
1	19	5.46027
1	20	2.92036
1	21	2.75069
1	22	2.87224
1	23	2.99125
1	24	3.10471
1	25	3.22136
1	26	3.34054
1	27	3.46069
1	28	3.58121
1	29	3.70201
1	30	3.82308
1	31	3.94444
1	32	4.06606
1	33	4.18791
1	34	4.30994
1	35	4.43204
1	36	4.55403
1	37	4.67558
1	38	4.79608
1	39	4.91436
1	40	5.0282
1	41	5.13321
1	42	5.22067
1	43	5.2732
1	44	5.25695
1	45	5.11029
1	46	4.7391
1	47	4.05485
1	48	3.09149
1	49	2.0812
1	50	1.27932
1	51	0.758694
1	52	0.456909
1	53	0.293231
1	54	0.209178
1	55	0.165417
1	56	0.134379
1	57	0.100985
1	58	0.0654138
1	59	0.035835
1	60	0.0168766
1	61	0.00703797
1	62	0.00267426
1	63	0.000946751
1	64	0.000317247
1	65	0.000101709
1	66	3.14254e-05
1	67	9.40471e-06
1	68	2.73587e-06
1	69	7.75644e-07
1	70	2.14733e-07
1	71	5.81389e-08
1	72	1.54135e-08
1	73	4.00528e-09
1	74	1.021e-09
1	75	2.55502e-10
1	76	6.28056e-11
1	77	1.51731e-11
1	78	3.60439e-12
1	79	8.42276e-13
1	80	1.93692e-13
1	81	4.38491e-14
1	82	9.77551e-15
1	83	2.14675e-15
1	84	4.64523e-16
1	85	9.9068e-17
1	86	2.08289e-17
1	87	4.31827e-18
1	88	8.82997e-19
1	89	1.78117e-19
1	90	3.54518e-20
1	91	6.96369e-21
1	92	1.35018e-21
1	93	2.58445e-22
1	94	4.88479e-23
1	95	9.11793e-24
1	96	1.68108e-24
1	97	3.06187e-25
1	98	5.5101e-26
1	99	9.79866e-27
1	100	1.72214e-27
1	101	2.99176e-28
1	102	5.13802e-29
1	103	8.72432e-30
1	104	1.46484e-30
1	105	2.43232e-31
1	106	3.99464e-32
1	107	6.48949e-33
1	108	1.04296e-33
1	109	1.65842e-34
1	110	2.6094e-35
1	111	4.06304e-36
1	112	6.26137e-37
1	113	9.55078e-38
1	114	1.44212e-38
1	115	2.15576e-39
1	116	3.19061e-40
1	117	4.67587e-41
1	118	6.78588e-42
1	119	9.75308e-43
1	120	1.38838e-43
1	121	1.95767e-44
1	122	2.73446e-45
1	123	3.78393e-46
1	124	5.18781e-47
1	125	7.04744e-48
1	126	9.48672e-49
1	127	1.26553e-49
1	128	1.67313e-50
1	129	2.19241e-51
1	130	2.8476e-52
1	131	3.66632e-53
1	132	4.67956e-54
1	133	5.92152e-55
1	134	7.42921e-56
1	135	9.24192e-57
1	136	1.14004e-57
1	137	1.39457e-58
1	138	1.69181e-59
1	139	2.03554e-60
1	140	2.42913e-61
1	141	2.87534e-62
1	142	3.37613e-63
1	143	3.93248e-64
1	144	4.54418e-65
1	145	5.20965e-66
1	146	5.92582e-67
1	147	6.68804e-68
1	148	7.49001e-69
1	149	8.32378e-70
1	150	9.17984e-71
1	151	1.00473e-71
1	152	1.09139e-72
1	153	1.17666e-73
1	154	1.25916e-74
1	155	1.33749e-75
1	156	1.41026e-76
1	157	1.47615e-77
1	158	1.5339e-78
1	159	1.58241e-79
1	160	1.62076e-80
1	161	1.64821e-81
1	162	1.66424e-82
1	163	1.66859e-83
1	164	1.66124e-84
1	165	1.64239e-85
1	166	1.6125e-86
1	167	1.57225e-87
1	168	1.52251e-88
1	169	1.46428e-89
1	170	1.39874e-90
1	171	1.32712e-91
1	172	1.25072e-92
1	173	1.17085e-93
1	174	1.08881e-94
1	175	1.00583e-95
1	176	9.23062e-97
1	177	8.41568e-98
1	178	7.62276e-99
1	179	6.85985e-100
1	180	6.13351e-101
1	181	5.44892e-102
1	182	4.80984e-103
1	183	4.21874e-104
1	184	3.6769e-105
1	185	3.18448e-106
1	186	2.74072e-107
1	187	2.3441e-108
1	188	1.99243e-109
1	189	1.68305e-110
1	190	1.41296e-111
1	191	1.17895e-112
1	192	9.77693e-114
1	193	8.05868e-115
1	194	6.60224e-116
1	195	5.37644e-117
1	196	4.35197e-118
1	197	3.50167e-119
1	198	2.80074e-120
1	199	2.22685e-121
1	200	1.7601e-122
1	201	1.38301e-123
1	202	1.08034e-124
1	203	8.38991e-126
1	204	6.47774e-127
1	205	4.97243e-128
1	206	3.79491e-129
1	207	2.87961e-130
1	208	2.17256e-131
1	209	1.62977e-132
1	210	1.21565e-133
1	211	9.01617e-135
1	212	6.64936e-136
1	213	4.87628e-137
1	214	3.55596e-138
1	215	2.57866e-139
1	216	1.85955e-140
1	217	1.33354e-141
1	218	9.51034e-143
1	219	6.74508e-144
1	220	4.75759e-145
1	221	3.33735e-146
1	222	2.32831e-147
1	223	1.61552e-148
1	224	1.11486e-149
1	225	7.65199e-151
1	226	5.22374e-152
1	227	3.54689e-153
1	228	2.39542e-154
1	229	1.60912e-155
1	230	1.07517e-156
1	231	7.14581e-158
1	232	4.7241e-159
1	233	3.10662e-160
1	234	2.03218e-161
1	235	1.32236e-162
1	236	8.55964e-164
1	237	5.51171e-165
1	238	3.5306e-166
1	239	2.24981e-167
1	240	1.42622e-168
1	241	8.9945e-170
1	242	5.64314e-171
1	243	3.52228e-172
1	244	2.18721e-173
1	245	1.35123e-174
1	246	8.30507e-176
1	247	5.07853e-177
1	248	3.08972e-178
1	249	1.87021e-179
1	250	1.12631e-180
1	251	6.74882e-182
1	252	4.02348e-183
1	253	2.38664e-184
1	254	1.4086e-185
1	255	8.27194e-187
1	256	4.83339e-188
1	257	2.81012e-189
1	258	1.62566e-190
1	259	9.3578e-192
1	260	5.35992e-193
1	261	3.05484e-194
1	262	1.73248e-195
1	263	9.77693e-197
1	264	5.49027e-198
1	265	3.06794e-199
1	266	1.70595e-200
1	267	9.43958e-202
1	268	5.19771e-203
1	269	2.84805e-204
1	270	1.55297e-205
1	271	8.4268e-207
1	272	4.55039e-208
1	273	2.44525e-209
1	274	1.30765e-210
1	275	6.95915e-212
1	276	3.6857e-213
1	277	1.94261e-214
1	278	1.01896e-215
1	279	5.31909e-217
1	280	2.7633e-218
1	281	1.42868e-219
1	282	7.35115e-221
1	283	3.7644e-222
1	284	1.91849e-223
1	285	9.73073e-225
1	286	4.91201e-226
1	287	2.46776e-227
1	288	1.23389e-228
1	289	6.14026e-230
1	290	3.04111e-231
1	291	1.49905e-232
1	292	7.35426e-234
1	293	3.59092e-235
1	294	1.74508e-236
1	295	8.44061e-238
1	296	4.06331e-239
1	297	1.94686e-240
1	298	9.28417e-242
1	299	4.40661e-243
1	300	2.08171e-244
1	301	9.788e-246
1	302	4.58063e-247
1	303	2.13362e-248
1	304	9.89167e-250
1	305	4.56441e-251
1	306	2.09635e-252
1	307	9.58313e-254
1	308	4.36031e-255
1	309	1.97467e-256
1	310	8.90105e-258
1	311	3.99353e-259
1	312	1.78338e-260
1	313	7.92684e-262
1	314	3.50695e-263
1	315	1.5443e-264
1	316	6.76873e-266
1	317	2.95296e-267
1	318	1.28228e-268
1	319	5.54221e-270
1	320	2.38429e-271
1	321	1.02097e-272
1	322	4.35154e-274
1	323	1.84608e-275
1	324	7.79532e-277
1	325	3.27639e-278
1	326	1.37068e-279
1	327	5.7076e-281
1	328	2.36565e-282
1	329	9.75941e-284
1	330	4.00752e-285
1	331	1.63797e-286
1	332	6.66365e-288
1	333	2.69834e-289
1	334	1.08757e-290
1	335	4.36312e-292
1	336	1.74226e-293
1	337	6.92473e-295
1	338	2.73949e-296
1	339	1.07873e-297
1	340	4.22792e-299
1	341	1.64936e-300
1	342	6.40438e-302
1	343	2.47521e-303
1	344	9.52174e-305
1	345	3.64579e-306
1	346	1.38943e-307
1	347	5.27046e-309
1	348	1.9871e-310
1	349	0
