2	500
0	0	0
0	1	0.105768
0	2	0.0287909
0	3	0.167748
0	4	0.0514944
0	5	0.161841
0	6	0.025836
0	7	0.587735
0	8	0.86183
0	9	0.987303
0	10	1.04322
0	11	1.06653
0	12	1.07285
0	13	1.06643
0	14	1.04295
0	15	0.98667
0	16	0.860161
0	17	0.592757
0	18	-0.257091
0	19	0.0591315
0	20	0.213197
0	21	0.0899581
0	22	0.111004
0	23	0.209484
0	24	0.286502
0	25	0.326601
0	26	0.356705
0	27	0.381383
0	28	0.389345
0	29	0.369631
0	30	0.320772
0	31	0.252557
0	32	0.18076
0	33	0.118958
0	34	0.0734574
0	35	0.0437297
0	36	0.0258766
0	37	0.0156844
0	38	0.00998422
0	39	0.00678727
0	40	0.00496533
0	41	0.00391185
0	42	0.00330837
0	43	0.00298989
0	44	0.00287398
0	45	0.00292595
0	46	0.00314333
0	47	0.00355157
0	48	0.00420795
0	49	0.0052139
0	50	0.00673883
0	51	0.00906278
0	52	0.0126505
0	53	0.0182795
0	54	0.0272586
0	55	0.04179
0	56	0.0655317
0	57	0.104341
0	58	0.16686
0	59	0.263722
0	60	0.402688
0	61	0.577373
0	62	0.755032
0	63	0.881165
0	64	0.908246
0	65	0.824402
0	66	0.658568
0	67	0.464008
0	68	0.291175
0	69	0.166035
0	70	0.0884476
0	71	0.0453397
0	72	0.0229647
0	73	0.0117299
0	74	0.00612594
0	75	0.00329807
0	76	0.00183824
0	77	0.00106274
0	78	0.000637705
0	79	0.000397218
0	80	0.000256799
0	81	0.000172273
0	82	0.00011989
0	83	8.65301e-05
0	84	6.47514e-05
0	85	5.02228e-05
0	86	4.0364e-05
0	87	3.36048e-05
0	88	2.89728e-05
0	89	2.58603e-05
0	90	2.38889e-05
0	91	2.28322e-05
0	92	2.25712e-05
0	93	2.30719e-05
0	94	2.43781e-05
0	95	2.66177e-05
0	96	3.00234e-05
0	97	3.49729e-05
0	98	4.20585e-05
0	99	5.22022e-05
0	100	6.68502e-05
0	101	8.82998e-05
0	102	0.000120261
0	103	0.000168834
0	104	0.000244246
0	105	0.000363988
0	106	0.000558593
0	107	0.000882471
0	108	0.00143462
0	109	0.00239891
0	110	0.00412381
0	111	0.00728244
0	112	0.0131971
0	113	0.0244982
0	114	0.0464409
0	115	0.0893928
0	116	0.172865
0	117	0.3293
0	118	0.597662
0	119	0.986372
0	120	1.4194
0	121	1.76601
0	122	1.95295
0	123	1.98989
0	124	1.90896
0	125	1.72639
0	126	1.44799
0	127	1.09577
0	128	0.72745
0	129	0.417374
0	130	0.208177
0	131	0.0922444
0	132	0.0372822
0	133	0.0140672
0	134	0.00504296
0	135	0.00173895
0	136	0.000581678
0	137	0.000189836
0	138	6.06909e-05
0	139	1.90619e-05
0	140	5.89414e-06
0	141	1.79711e-06
0	142	5.4095e-07
0	143	1.60912e-07
0	144	4.73374e-08
0	145	1.37809e-08
0	146	3.97223e-09
0	147	1.13414e-09
0	148	3.20875e-10
0	149	8.99874e-11
0	150	2.50221e-11
0	151	6.90033e-12
0	152	1.88761e-12
0	153	5.12309e-13
0	154	1.37977e-13
0	155	3.68807e-14
0	156	9.78527e-15
0	157	2.57741e-15
0	158	6.74033e-16
0	159	1.7503e-16
0	160	4.51358e-17
0	161	1.15597e-17
0	162	2.94054e-18
0	163	7.43018e-19
0	164	1.86507e-19
0	165	4.65097e-20
0	166	1.15233e-20
0	167	2.83678e-21
0	168	6.93923e-22
0	169	1.68679e-22
0	170	4.07477e-23
0	171	9.78263e-24
0	172	2.33423e-24
0	173	5.53591e-25
0	174	1.305e-25
0	175	3.05797e-26
0	176	7.12313e-27
0	177	1.64947e-27
0	178	3.7973e-28
0	179	8.69113e-29
0	180	1.97773e-29
0	181	4.47471e-30
0	182	1.00667e-30
0	183	2.25188e-31
0	184	5.0091e-32
0	185	1.10801e-32
0	186	2.43732e-33
0	187	5.33188e-34
0	188	1.16001e-34
0	189	2.50999e-35
0	190	5.40162e-36
0	191	1.15619e-36
0	192	2.46153e-37
0	193	5.21269e-38
0	194	1.09803e-38
0	195	2.30075e-39
0	196	4.79564e-40
0	197	9.94384e-41
0	198	2.05119e-41
0	199	4.20932e-42
0	200	8.59379e-43
0	201	1.74557e-43
0	202	3.52759e-44
0	203	7.09283e-45
0	204	1.41897e-45
0	205	2.82455e-46
0	206	5.59447e-47
0	207	1.10259e-47
0	208	2.16232e-48
0	209	4.21982e-49
0	210	8.19485e-50
0	211	1.5837e-50
0	212	3.0458e-51
0	213	5.82952e-52
0	214	1.1104e-52
0	215	2.10499e-53
0	216	3.97149e-54
0	217	7.45762e-55
0	218	1.3938e-55
0	219	2.59274e-56
0	220	4.80055e-57
0	221	8.8471e-58
0	222	1.62293e-58
0	223	2.96343e-59
0	224	5.38638e-60
0	225	9.7457e-61
0	226	1.7553e-61
0	227	3.14719e-62
0	228	5.61738e-63
0	229	9.98143e-64
0	230	1.76566e-64
0	231	3.10948e-65
0	232	5.4518e-66
0	233	9.51639e-67
0	234	1.65384e-67
0	235	2.86161e-68
0	236	4.92984e-69
0	237	8.45602e-70
0	238	1.44417e-70
0	239	2.45583e-71
0	240	4.15827e-72
0	241	7.01081e-73
0	242	1.17699e-73
0	243	1.96759e-74
0	244	3.27536e-75
0	245	5.42945e-76
0	246	8.9625e-77
0	247	1.47329e-77
0	248	2.41179e-78
0	249	3.93177e-79
0	250	6.38328e-80
0	251	1.03208e-80
0	252	1.66188e-81
0	253	2.66509e-82
0	254	4.25655e-83
0	255	6.77085e-84
0	256	1.07269e-84
0	257	1.69261e-85
0	258	2.6601e-86
0	259	4.16394e-87
0	260	6.49206e-88
0	261	1.00818e-88
0	262	1.55947e-89
0	263	2.40274e-90
0	264	3.6875e-91
0	265	5.63714e-92
0	266	8.5841e-93
0	267	1.3021e-93
0	268	1.9675e-94
0	269	2.96149e-95
0	270	4.44057e-96
0	271	6.6329e-97
0	272	9.8699e-98
0	273	1.46309e-98
0	274	2.16064e-99
0	275	3.17875e-100
0	276	4.65903e-101
0	277	6.80309e-102
0	278	9.89677e-103
0	279	1.43438e-103
0	280	2.0712e-104
0	281	2.9797e-105
0	282	4.27093e-106
0	283	6.09925e-107
0	284	8.6784e-108
0	285	1.23032e-108
0	286	1.73786e-109
0	287	2.44588e-110
0	288	3.42994e-111
0	289	4.79263e-112
0	290	6.67267e-113
0	291	9.25702e-114
0	292	1.27965e-114
0	293	1.76266e-115
0	294	2.41938e-116
0	295	3.30906e-117
0	296	4.50998e-118
0	297	6.12517e-119
0	298	8.28975e-120
0	299	1.11802e-120
0	300	1.5026e-121
0	301	2.01248e-122
0	302	2.68607e-123
0	303	3.57277e-124
0	304	4.73587e-125
0	305	6.25614e-126
0	306	8.23623e-127
0	307	1.08061e-127
0	308	1.41299e-128
0	309	1.84134e-129
0	310	2.39147e-130
0	311	3.09551e-131
0	312	3.9934e-132
0	313	5.13451e-133
0	314	6.57971e-134
0	315	8.40367e-135
0	316	1.06977e-135
0	317	1.3573e-136
0	318	1.71644e-137
0	319	2.16348e-138
0	320	2.71803e-139
0	321	3.40356e-140
0	322	4.24813e-141
0	323	5.28506e-142
0	324	6.5538e-143
0	325	8.1009e-144
0	326	9.98096e-145
0	327	1.22579e-145
0	328	1.50061e-146
0	329	1.83117e-147
0	330	2.22744e-148
0	331	2.70086e-149
0	332	3.26454e-150
0	333	3.9334e-151
0	334	4.72438e-152
0	335	5.6566e-153
0	336	6.75156e-154
0	337	8.0333e-155
0	338	9.5286e-156
0	339	1.12671e-156
0	340	1.32816e-157
0	341	1.56078e-158
0	342	1.82849e-159
0	343	2.13554e-160
0	344	2.4865e-161
0	345	2.88628e-162
0	346	3.34013e-163
0	347	3.85358e-164
0	348	4.43247e-165
0	349	5.08289e-166
0	350	5.81117e-167
0	351	6.62378e-168
0	352	7.52736e-169
0	353	8.52857e-170
0	354	9.63407e-171
0	355	1.08504e-171
0	356	1.21841e-172
0	357	1.3641e-173
0	358	1.5227e-174
0	359	1.69473e-175
0	360	1.88063e-176
0	361	2.0808e-177
0	362	2.29554e-178
0	363	2.52503e-179
0	364	2.76937e-180
0	365	3.02853e-181
0	366	3.30232e-182
0	367	3.59045e-183
0	368	3.89245e-184
0	369	4.2077e-185
0	370	4.53542e-186
0	371	4.87465e-187
0	372	5.22426e-188
0	373	5.58298e-189
0	374	5.94935e-190
0	375	6.32177e-191
0	376	6.69846e-192
0	377	7.07754e-193
0	378	7.457e-194
0	379	7.83469e-195
0	380	8.20841e-196
0	381	8.57587e-197
0	382	8.93476e-198
0	383	9.28271e-199
0	384	9.61739e-200
0	385	9.93649e-201
0	386	1.02378e-201
0	387	1.0519e-202
0	388	1.07782e-203
0	389	1.10134e-204
0	390	1.12229e-205
0	391	1.1405e-206
0	392	1.15585e-207
0	393	1.1682e-208
0	394	1.17748e-209
0	395	1.18361e-210
0	396	1.18655e-211
0	397	1.18628e-212
0	398	1.18281e-213
0	399	1.17619e-214
0	400	1.16645e-215
0	401	1.1537e-216
0	402	1.13804e-217
0	403	1.11959e-218
0	404	1.09852e-219
0	405	1.07497e-220
0	406	1.04914e-221
0	407	1.02123e-222
0	408	9.91427e-224
0	409	9.59962e-225
0	410	9.27052e-226
0	411	8.92921e-227
0	412	8.57794e-228
0	413	8.21896e-229
0	414	7.85447e-230
0	415	7.48661e-231
0	416	7.11744e-232
0	417	6.74894e-233
0	418	6.38297e-234
0	419	6.02125e-235
0	420	5.6654e-236
0	421	5.31687e-237
0	422	4.97698e-238
0	423	4.64688e-239
0	424	4.32758e-240
0	425	4.01995e-241
0	426	3.72467e-242
0	427	3.44231e-243
0	428	3.17329e-244
0	429	2.91789e-245
0	430	2.67626e-246
0	431	2.44845e-247
0	432	2.2344e-248
0	433	2.03394e-249
0	434	1.84681e-250
0	435	1.67271e-251
0	436	1.51124e-252
0	437	1.36194e-253
0	438	1.22435e-254
0	439	1.09792e-255
0	440	9.821e-257
0	441	8.76327e-258
0	442	7.80014e-259
0	443	6.92574e-260
0	444	6.13423e-261
0	445	5.41982e-262
0	446	4.77687e-263
0	447	4.19989e-264
0	448	3.68358e-265
0	449	3.22285e-266
0	450	2.81289e-267
0	451	2.44911e-268
0	452	2.1272e-269
0	453	1.84313e-270
0	454	1.59313e-271
0	455	1.37372e-272
0	456	1.18167e-273
0	457	1.01403e-274
0	458	8.68076e-276
0	459	7.41352e-277
0	460	6.31613e-278
0	461	5.36832e-279
0	462	4.55186e-280
0	463	3.85039e-281
0	464	3.24928e-282
0	465	2.73551e-283
0	466	2.29752e-284
0	467	1.92509e-285
0	468	1.60923e-286
0	469	1.34202e-287
0	470	1.11655e-288
0	471	9.26776e-290
0	472	7.67454e-291
0	473	6.34033e-292
0	474	5.22583e-293
0	475	4.29719e-294
0	476	3.52533e-295
0	477	2.88539e-296
0	478	2.35613e-297
0	479	1.91949e-298
0	480	1.56015e-299
0	481	1.26514e-300
0	482	1.02356e-301
0	483	8.26193e-303
0	484	6.65352e-304
0	485	5.34592e-305
0	486	4.28545e-306
0	487	3.42748e-307
0	488	2.73501e-308
0	489	2.17747e-309
0	490	1.72963e-310
0	491	1.37077e-311
0	492	1.0839e-312
0	493	8.55119e-314
0	494	6.73099e-315
0	495	5.28626e-316
0	496	4.14223e-317
0	497	3.23828e-318
0	498	2.5105e-319
0	499	0
1	0	0
1	1	-0.338184
1	2	10.5465
1	3	-0.444594
1	4	7.46187
1	5	-0.456342
1	6	30.1718
1	7	-0.596212
1	8	-0.608962
1	9	-0.60748
1	10	-0.605768
1	11	-0.604878
1	12	-0.604616
1	13	-0.60487
1	14	-0.605752
1	15	-0.607444
1	16	-0.609179
1	17	-0.585453
1	18	33.1435
1	19	5.75046
1	20	-0.48617
1	21	4.61328
1	22	3.73376
1	23	2.83239
1	24	2.78234
1	25	2.86671
1	26	2.78875
1	27	2.59052
1	28	2.3553
1	29	2.13607
1	30	1.96201
1	31	1.84525
1	32	1.78632
1	33	1.7792
1	34	1.81478
1	35	1.88294
1	36	1.97425
1	37	2.08107
1	38	2.19792
1	39	2.32119
1	40	2.44861
1	41	2.57872
1	42	2.71058
1	43	2.84352
1	44	2.97704
1	45	3.11071
1	46	3.24413
1	47	3.3769
1	48	3.50857
1	49	3.63858
1	50	3.76614
1	51	3.89014
1	52	4.00882
1	53	4.11943
1	54	4.21743
1	55	4.2954
1	56	4.34123
1	57	4.33583
1	58	4.25124
1	59	4.05269
1	60	3.71089
1	61	3.22829
1	62	2.66258
1	63	2.11113
1	64	1.65622
1	65	1.32788
1	66	1.11356
1	67	0.986086
1	68	0.921838
1	69	0.904351
1	70	0.921188
1	71	0.961856
1	72	1.01804
1	73	1.08404
1	74	1.15641
1	75	1.23321
1	76	1.31339
1	77	1.39636
1	78	1.48175
1	79	1.56936
1	80	1.659
1	81	1.75055
1	82	1.84389
1	83	1.93893
1	84	2.03558
1	85	2.13376
1	86	2.23338
1	87	2.33439
1	88	2.43671
1	89	2.54027
1	90	2.64502
1	91	2.75091
1	92	2.85787
1	93	2.96586
1	94	3.07483
1	95	3.18474
1	96	3.29554
1	97	3.40719
1	98	3.51965
1	99	3.63288
1	100	3.74684
1	101	3.8615
1	102	3.9768
1	103	4.09271
1	104	4.20915
1	105	4.32605
1	106	4.44328
1	107	4.56064
1	108	4.67781
1	109	4.79418
1	110	4.90868
1	111	5.01925
1	112	5.12196
1	113	5.20907
1	114	5.26537
1	115	5.26148
1	116	5.14366
1	117	4.82712
1	118	4.22046
1	119	3.32109
1	120	2.31318
1	121	1.4585
1	122	0.874973
1	123	0.525073
1	124	0.329862
1	125	0.226856
1	126	0.174112
1	127	0.142298
1	128	0.112291
1	129	0.0785316
1	130	0.0468688
1	131	0.0239827
1	132	0.0108003
1	133	0.00441135
1	134	0.00167636
1	135	0.000603958
1	136	0.000209016
1	137	7.01049e-05
1	138	2.29268e-05
1	139	7.34159e-06
1	140	2.30879e-06
1	141	7.14617e-07
1	142	2.18056e-07
1	143	6.56774e-08
1	144	1.95454e-08
1	145	5.75177e-09
1	146	1.67481e-09
1	147	4.82801e-10
1	148	1.3785e-10
1	149	3.89981e-11
1	150	1.09351e-11
1	151	3.03996e-12
1	152	8.3808e-13
1	153	2.29177e-13
1	154	6.21741e-14
1	155	1.67369e-14
1	156	4.47135e-15
1	157	1.18566e-15
1	158	3.12101e-16
1	159	8.15637e-17
1	160	2.11647e-17
1	161	5.45364e-18
1	162	1.39559e-18
1	163	3.54707e-19
1	164	8.95473e-20
1	165	2.24566e-20
1	166	5.59464e-21
1	167	1.38475e-21
1	168	3.40539e-22
1	169	8.32124e-23
1	170	2.0205e-23
1	171	4.87537e-24
1	172	1.16911e-24
1	173	2.78628e-25
1	174	6.59992e-26
1	175	1.55389e-26
1	176	3.63651e-27
1	177	8.45975e-28
1	178	1.95639e-28
1	179	4.49777e-29
1	180	1.02802e-29
1	181	2.33606e-30
1	182	5.27794e-31
1	183	1.18565e-31
1	184	2.64839e-32
1	185	5.88235e-33
1	186	1.29922e-33
1	187	2.85357e-34
1	188	6.23284e-35
1	189	1.35391e-35
1	190	2.92492e-36
1	191	6.28451e-37
1	192	1.343e-37
1	193	2.85459e-38
1	194	6.03511e-39
1	195	1.26915e-39
1	196	2.65487e-40
1	197	5.52439e-41
1	198	1.14354e-41
1	199	2.35481e-42
1	200	4.82403e-43
1	201	9.83161e-44
1	202	1.99348e-44
1	203	4.02146e-45
1	204	8.07145e-46
1	205	1.61185e-46
1	206	3.20271e-47
1	207	6.33196e-48
1	208	1.24566e-48
1	209	2.43842e-49
1	210	4.74983e-50
1	211	9.20701e-51
1	212	1.77599e-51
1	213	3.4092e-52
1	214	6.51277e-53
1	215	1.2382e-53
1	216	2.34279e-54
1	217	4.41172e-55
1	218	8.26839e-56
1	219	1.54235e-56
1	220	2.86355e-57
1	221	5.29166e-58
1	222	9.73322e-59
1	223	1.78199e-59
1	224	3.24751e-60
1	225	5.89111e-61
1	226	1.06379e-61
1	227	1.91221e-62
1	228	3.42172e-63
1	229	6.09523e-64
1	230	1.08089e-64
1	231	1.90822e-65
1	232	3.35379e-66
1	233	5.86833e-67
1	234	1.02228e-67
1	235	1.77303e-68
1	236	3.06164e-69
1	237	5.26373e-70
1	238	9.0104e-71
1	239	1.53572e-71
1	240	2.60618e-72
1	241	4.40383e-73
1	242	7.40964e-74
1	243	1.2414e-74
1	244	2.071e-75
1	245	3.44042e-76
1	246	5.69131e-77
1	247	9.37539e-78
1	248	1.53798e-78
1	249	2.51248e-79
1	250	4.08745e-80
1	251	6.62228e-81
1	252	1.0685e-81
1	253	1.71695e-82
1	254	2.74769e-83
1	255	4.37934e-84
1	256	6.95166e-85
1	257	1.09904e-85
1	258	1.73057e-86
1	259	2.71408e-87
1	260	4.23956e-88
1	261	6.59614e-89
1	262	1.0222e-89
1	263	1.57785e-90
1	264	2.42596e-91
1	265	3.71534e-92
1	266	5.6678e-93
1	267	8.61268e-94
1	268	1.30369e-94
1	269	1.96577e-95
1	270	2.95268e-96
1	271	4.41805e-97
1	272	6.58541e-98
1	273	9.77864e-99
1	274	1.44651e-99
1	275	2.13168e-100
1	276	3.12954e-101
1	277	4.57725e-102
1	278	6.66962e-103
1	279	9.68221e-104
1	280	1.40033e-104
1	281	2.01778e-105
1	282	2.89675e-106
1	283	4.1433e-107
1	284	5.90453e-108
1	285	8.38367e-109
1	286	1.18603e-109
1	287	1.67178e-110
1	288	2.34794e-111
1	289	3.28568e-112
1	290	4.5814e-113
1	291	6.36519e-114
1	292	8.81189e-115
1	293	1.21556e-115
1	294	1.67086e-116
1	295	2.28857e-117
1	296	3.12358e-118
1	297	4.24825e-119
1	298	5.75761e-120
1	299	7.77596e-121
1	300	1.04653e-121
1	301	1.40357e-122
1	302	1.87591e-123
1	303	2.49855e-124
1	304	3.3164e-125
1	305	4.38685e-126
1	306	5.78296e-127
1	307	7.59739e-128
1	308	9.94716e-129
1	309	1.29795e-129
1	310	1.68791e-130
1	311	2.18762e-131
1	312	2.82575e-132
1	313	3.6378e-133
1	314	4.66757e-134
1	315	5.9689e-135
1	316	7.6077e-136
1	317	9.66433e-137
1	318	1.22364e-137
1	319	1.54421e-138
1	320	1.94235e-139
1	321	2.43516e-140
1	322	3.04304e-141
1	323	3.79028e-142
1	324	4.7057e-143
1	325	5.8233e-144
1	326	7.18309e-145
1	327	8.83189e-146
1	328	1.08243e-146
1	329	1.32238e-147
1	330	1.61036e-148
1	331	1.95481e-149
1	332	2.36542e-150
1	333	2.85321e-151
1	334	3.43073e-152
1	335	4.11218e-153
1	336	4.9135e-154
1	337	5.8526e-155
1	338	6.94943e-156
1	339	8.22612e-157
1	340	9.70712e-158
1	341	1.14193e-158
1	342	1.33919e-159
1	343	1.5657e-160
1	344	1.82489e-161
1	345	2.12048e-162
1	346	2.45641e-163
1	347	2.83688e-164
1	348	3.26633e-165
1	349	3.74938e-166
1	350	4.29085e-167
1	351	4.89571e-168
1	352	5.56902e-169
1	353	6.31591e-170
1	354	7.14154e-171
1	355	8.05097e-172
1	356	9.04918e-173
1	357	1.01409e-173
1	358	1.13307e-174
1	359	1.26227e-175
1	360	1.40205e-176
1	361	1.55272e-177
1	362	1.71455e-178
1	363	1.88769e-179
1	364	2.07226e-180
1	365	2.26824e-181
1	366	2.47554e-182
1	367	2.69396e-183
1	368	2.92316e-184
1	369	3.16272e-185
1	370	3.41206e-186
1	371	3.67049e-187
1	372	3.93719e-188
1	373	4.21119e-189
1	374	4.49142e-190
1	375	4.77667e-191
1	376	5.06563e-192
1	377	5.35686e-193
1	378	5.64883e-194
1	379	5.93993e-195
1	380	6.22847e-196
1	381	6.51272e-197
1	382	6.79087e-198
1	383	7.06114e-199
1	384	7.32171e-200
1	385	7.5708e-201
1	386	7.80665e-202
1	387	8.02758e-203
1	388	8.23197e-204
1	389	8.41831e-205
1	390	8.58522e-206
1	391	8.73142e-207
1	392	8.85582e-208
1	393	8.95747e-209
1	394	9.0356e-210
1	395	9.08964e-211
1	396	9.1192e-212
1	397	9.1241e-213
1	398	9.10435e-214
1	399	9.06017e-215
1	400	8.99195e-216
1	401	8.9003e-217
1	402	8.786e-218
1	403	8.65e-219
1	404	8.49339e-220
1	405	8.31744e-221
1	406	8.12351e-222
1	407	7.91307e-223
1	408	7.68772e-224
1	409	7.44907e-225
1	410	7.19883e-226
1	411	6.93872e-227
1	412	6.67047e-228
1	413	6.39581e-229
1	414	6.11645e-230
1	415	5.83405e-231
1	416	5.55021e-232
1	417	5.26648e-233
1	418	4.98431e-234
1	419	4.70506e-235
1	420	4.43e-236
1	421	4.16028e-237
1	422	3.89695e-238
1	423	3.64092e-239
1	424	3.393e-240
1	425	3.15389e-241
1	426	2.92416e-242
1	427	2.70426e-243
1	428	2.49455e-244
1	429	2.29526e-245
1	430	2.10656e-246
1	431	1.92849e-247
1	432	1.76102e-248
1	433	1.60405e-249
1	434	1.4574e-250
1	435	1.32084e-251
1	436	1.19409e-252
1	437	1.0768e-253
1	438	9.68612e-255
1	439	8.69128e-256
1	440	7.77926e-257
1	441	6.94569e-258
1	442	6.18611e-259
1	443	5.49599e-260
1	444	4.87082e-261
1	445	4.30615e-262
1	446	3.7976e-263
1	447	3.34089e-264
1	448	2.93192e-265
1	449	2.56674e-266
1	450	2.24155e-267
1	451	1.95281e-268
1	452	1.69712e-269
1	453	1.47134e-270
1	454	1.27251e-271
1	455	1.09789e-272
1	456	9.44942e-274
1	457	8.11346e-275
1	458	6.94963e-276
1	459	5.93847e-277
1	460	5.06227e-278
1	461	4.30504e-279
1	462	3.65233e-280
1	463	3.09121e-281
1	464	2.61006e-282
1	465	2.19857e-283
1	466	1.84757e-284
1	467	1.54893e-285
1	468	1.29549e-286
1	469	1.08096e-287
1	470	8.99837e-289
1	471	7.47299e-290
1	472	6.19162e-291
1	473	5.11795e-292
1	474	4.22055e-293
1	475	3.47238e-294
1	476	2.85018e-295
1	477	2.33402e-296
1	478	1.90689e-297
1	479	1.55431e-298
1	480	1.26399e-299
1	481	1.02551e-300
1	482	8.30109e-302
1	483	6.7039e-303
1	484	5.40155e-304
1	485	4.34219e-305
1	486	3.48259e-306
1	487	2.78676e-307
1	488	2.22485e-308
1	489	1.77219e-309
1	490	1.4084e-310
1	491	1.11674e-311
1	492	8.8347e-313
1	493	6.97337e-314
1	494	5.49171e-315
1	495	4.31507e-316
1	496	3.38288e-317
1	497	2.64596e-318
1	498	2.0526e-319
1	499	0
