2	350
0	0	0
0	1	0.0861162
0	2	0.019135
0	3	0.117283
0	4	0.020331
0	5	0.115623
0	6	0.227964
0	7	0.57985
0	8	0.861188
0	9	0.986934
0	10	1.04306
0	11	1.06646
0	12	1.07282
0	13	1.06645
0	14	1.04305
0	15	0.98694
0	16	0.861055
0	17	0.586104
0	18	0.0227259
0	19	0.0507727
0	20	0.164474
0	21	0.0324192
0	22	0.0485628
0	23	0.167426
0	24	0.0389976
0	25	0.137531
0	26	0.291567
0	27	0.101105
0	28	0.0801261
0	29	0.0889835
0	30	0.0907163
0	31	0.0856962
0	32	0.0816566
0	33	0.0805136
0	34	0.0813759
0	35	0.0834831
0	36	0.0867327
0	37	0.0913479
0	38	0.0975756
0	39	0.105567
0	40	0.115342
0	41	0.12674
0	42	0.139347
0	43	0.152404
0	44	0.164765
0	45	0.174955
0	46	0.181389
0	47	0.182734
0	48	0.178314
0	49	0.168372
0	50	0.154063
0	51	0.137137
0	52	0.119475
0	53	0.10266
0	54	0.0877494
0	55	0.0752547
0	56	0.0652668
0	57	0.0576243
0	58	0.0520611
0	59	0.0483056
0	60	0.0461368
0	61	0.0454095
0	62	0.046065
0	63	0.0481352
0	64	0.0517467
0	65	0.0571266
0	66	0.0646087
0	67	0.0746348
0	68	0.0877397
0	69	0.104503
0	70	0.125439
0	71	0.150792
0	72	0.180233
0	73	0.212473
0	74	0.244962
0	75	0.273899
0	76	0.294803
0	77	0.303671
0	78	0.298326
0	79	0.279303
0	80	0.249735
0	81	0.214292
0	82	0.177725
0	83	0.143706
0	84	0.114355
0	85	0.0903797
0	86	0.0715379
0	87	0.0571096
0	88	0.0462428
0	89	0.0381439
0	90	0.0321549
0	91	0.0277659
0	92	0.0245991
0	93	0.022384
0	94	0.0209345
0	95	0.0201306
0	96	0.0199055
0	97	0.0202385
0	98	0.0211526
0	99	0.0227163
0	100	0.0250516
0	101	0.0283465
0	102	0.0328749
0	103	0.0390239
0	104	0.047329
0	105	0.058513
0	106	0.0735207
0	107	0.0935221
0	108	0.119837
0	109	0.153696
0	110	0.19574
0	111	0.245191
0	112	0.298865
0	113	0.350542
0	114	0.391524
0	115	0.412913
0	116	0.408946
0	117	0.379614
0	118	0.33088
0	119	0.27229
0	120	0.213428
0	121	0.161155
0	122	0.118703
0	123	0.086359
0	124	0.0627537
0	125	0.0459709
0	126	0.0341951
0	127	0.0259648
0	128	0.0202011
0	129	0.0161455
0	130	0.0132789
0	131	0.0112511
0	132	0.00982777
0	133	0.00885357
0	134	0.00822755
0	135	0.00788732
0	136	0.0077994
0	137	0.00795411
0	138	0.00836387
0	139	0.00906489
0	140	0.0101221
0	141	0.0116388
0	142	0.013772
0	143	0.0167566
0	144	0.0209429
0	145	0.0268524
0	146	0.0352593
0	147	0.047304
0	148	0.0646351
0	149	0.0895506
0	150	0.125036
0	151	0.174467
0	152	0.240571
0	153	0.323201
0	154	0.416174
0	155	0.505053
0	156	0.569238
0	157	0.589745
0	158	0.558671
0	159	0.483679
0	160	0.384334
0	161	0.28292
0	162	0.19571
0	163	0.129489
0	164	0.0834817
0	165	0.0533444
0	166	0.0342592
0	167	0.0223439
0	168	0.0149049
0	169	0.0102164
0	170	0.00721617
0	171	0.00526131
0	172	0.00396356
0	173	0.00308684
0	174	0.00248592
0	175	0.00207034
0	176	0.00178305
0	177	0.00158782
0	178	0.0014618
0	179	0.00139103
0	180	0.00136789
0	181	0.00138969
0	182	0.00145823
0	183	0.00157996
0	184	0.00176705
0	185	0.00203934
0	186	0.00242785
0	187	0.00298042
0	188	0.00377115
0	189	0.00491588
0	190	0.00659801
0	191	0.00911178
0	192	0.0129354
0	193	0.0188541
0	194	0.0281664
0	195	0.0430175
0	196	0.0669063
0	197	0.105342
0	198	0.166359
0	199	0.259867
0	200	0.39364
0	201	0.563784
0	202	0.743335
0	203	0.883241
0	204	0.935135
0	205	0.879064
0	206	0.733097
0	207	0.542842
0	208	0.359151
0	209	0.215556
0	210	0.12011
0	211	0.063811
0	212	0.0331463
0	213	0.0171849
0	214	0.00902718
0	215	0.00485231
0	216	0.00268491
0	217	0.00153439
0	218	0.000907234
0	219	0.000555439
0	220	0.000352242
0	221	0.00023141
0	222	0.000157489
0	223	0.000111022
0	224	8.10574e-05
0	225	6.12821e-05
0	226	4.79679e-05
0	227	3.88646e-05
0	228	3.25873e-05
0	229	2.82707e-05
0	230	2.53695e-05
0	231	2.35433e-05
0	232	2.25888e-05
0	233	2.24015e-05
0	234	2.29562e-05
0	235	2.43023e-05
0	236	2.65705e-05
0	237	2.99941e-05
0	238	3.49489e-05
0	239	4.20214e-05
0	240	5.21223e-05
0	241	6.66756e-05
0	242	8.79378e-05
0	243	0.000119543
0	244	0.000167449
0	245	0.000241615
0	246	0.000359016
0	247	0.000549182
0	248	0.000864547
0	249	0.00140014
0	250	0.00233177
0	251	0.00399124
0	252	0.00701677
0	253	0.0126569
0	254	0.0233858
0	255	0.0441307
0	256	0.0846007
0	257	0.163123
0	258	0.310582
0	259	0.565798
0	260	0.942663
0	261	1.37553
0	262	1.73588
0	263	1.94138
0	264	1.99494
0	265	1.92877
0	266	1.7613
0	267	1.49801
0	268	1.15617
0	269	0.787118
0	270	0.464541
0	271	0.238328
0	272	0.108426
0	273	0.0449082
0	274	0.0173478
0	275	0.00636791
0	276	0.00225085
0	277	0.000773146
0	278	0.00025969
0	279	8.56675e-05
0	280	2.78407e-05
0	281	8.93352e-06
0	282	2.83511e-06
0	283	8.91005e-07
0	284	2.77579e-07
0	285	8.57894e-08
0	286	2.6321e-08
0	287	8.02091e-09
0	288	2.42877e-09
0	289	7.31056e-10
0	290	2.18803e-10
0	291	6.51346e-11
0	292	1.92897e-11
0	293	5.68436e-12
0	294	1.66709e-12
0	295	4.86656e-13
0	296	1.41428e-13
0	297	4.09211e-14
0	298	1.17899e-14
0	299	3.3827e-15
0	300	9.66604e-16
0	301	2.75106e-16
0	302	7.79923e-17
0	303	2.20258e-17
0	304	6.19678e-18
0	305	1.73693e-18
0	306	4.85067e-19
0	307	1.34973e-19
0	308	3.74228e-20
0	309	1.03393e-20
0	310	2.84658e-21
0	311	7.81008e-22
0	312	2.1355e-22
0	313	5.8193e-23
0	314	1.58045e-23
0	315	4.27805e-24
0	316	1.15419e-24
0	317	3.10372e-25
0	318	8.31912e-26
0	319	2.22264e-26
0	320	5.9193e-27
0	321	1.57141e-27
0	322	4.15848e-28
0	323	1.09702e-28
0	324	2.88496e-29
0	325	7.56339e-30
0	326	1.97676e-30
0	327	5.15059e-31
0	328	1.33793e-31
0	329	3.46493e-32
0	330	8.94627e-33
0	331	2.30295e-33
0	332	5.91055e-34
0	333	1.51244e-34
0	334	3.85871e-35
0	335	9.81579e-36
0	336	2.48962e-36
0	337	6.29609e-37
0	338	1.58761e-37
0	339	3.99171e-38
0	340	1.00073e-38
0	341	2.50167e-39
0	342	6.23588e-40
0	343	1.54998e-40
0	344	3.84165e-41
0	345	9.4946e-42
0	346	2.33953e-42
0	347	5.73051e-43
0	348	1.32546e-43
0	349	0
1	0	0
1	1	-0.292148
1	2	11.6172
1	3	-0.354852
1	4	12.979
1	5	-0.372053
1	6	32.4051
1	7	-0.60321
1	8	-0.608673
1	9	-0.607457
1	10	-0.605749
1	11	-0.604865
1	12	-0.604606
1	13	-0.604863
1	14	-0.605747
1	15	-0.607448
1	16	-0.608892
1	17	-0.595867
1	18	29.0883
1	19	4.52664
1	20	-0.421082
1	21	7.50096
1	22	4.9672
1	23	-0.423579
1	24	8.71357
1	25	2.94607
1	26	0.803125
1	27	4.32439
1	28	2.96224
1	29	2.45661
1	30	2.47961
1	31	2.60693
1	32	2.67005
1	33	2.69766
1	34	2.72858
1	35	2.76895
1	36	2.81157
1	37	2.84965
1	38	2.87925
1	39	2.89798
1	40	2.90374
1	41	2.89466
1	42	2.86943
1	43	2.82783
1	44	2.77127
1	45	2.70299
1	46	2.6279
1	47	2.55208
1	48	2.48185
1	49	2.42285
1	50	2.3793
1	51	2.35366
1	52	2.34669
1	53	2.35772
1	54	2.38508
1	55	2.42655
1	56	2.47967
1	57	2.54202
1	58	2.61134
1	59	2.68557
1	60	2.76282
1	61	2.84134
1	62	2.91941
1	63	2.99529
1	64	3.06708
1	65	3.13264
1	66	3.18946
1	67	3.23461
1	68	3.26466
1	69	3.27574
1	70	3.26371
1	71	3.22473
1	72	3.15605
1	73	3.05709
1	74	2.93066
1	75	2.78346
1	76	2.62566
1	77	2.46922
1	78	2.32552
1	79	2.20339
1	80	2.10809
1	81	2.0414
1	82	2.00245
1	83	1.98864
1	84	1.99654
1	85	2.02249
1	86	2.06307
1	87	2.11528
1	88	2.17664
1	89	2.24517
1	90	2.31929
1	91	2.39778
1	92	2.47967
1	93	2.56415
1	94	2.65057
1	95	2.73833
1	96	2.82687
1	97	2.91561
1	98	3.00393
1	99	3.09112
1	100	3.1763
1	101	3.25838
1	102	3.33594
1	103	3.40713
1	104	3.46948
1	105	3.51975
1	106	3.55374
1	107	3.56611
1	108	3.55049
1	109	3.49993
1	110	3.40806
1	111	3.27116
1	112	3.09082
1	113	2.876
1	114	2.64293
1	115	2.41192
1	116	2.20215
1	117	2.02727
1	118	1.89386
1	119	1.80243
1	120	1.74956
1	121	1.72993
1	122	1.7376
1	123	1.76691
1	124	1.81291
1	125	1.87156
1	126	1.93975
1	127	2.01516
1	128	2.0961
1	129	2.18133
1	130	2.26998
1	131	2.36136
1	132	2.45498
1	133	2.55045
1	134	2.64743
1	135	2.74563
1	136	2.84479
1	137	2.94461
1	138	3.0448
1	139	3.14501
1	140	3.24481
1	141	3.34363
1	142	3.44072
1	143	3.53504
1	144	3.62515
1	145	3.70896
1	146	3.78347
1	147	3.84436
1	148	3.88545
1	149	3.89813
1	150	3.87102
1	151	3.79046
1	152	3.64283
1	153	3.41979
1	154	3.1258
1	155	2.7834
1	156	2.43012
1	157	2.10559
1	158	1.83774
1	159	1.63741
1	160	1.50219
1	161	1.4232
1	162	1.38991
1	163	1.39223
1	164	1.42126
1	165	1.46961
1	166	1.53162
1	167	1.6032
1	168	1.68161
1	169	1.76502
1	170	1.85223
1	171	1.94246
1	172	2.03519
1	173	2.13004
1	174	2.22676
1	175	2.32513
1	176	2.42501
1	177	2.52626
1	178	2.62878
1	179	2.73246
1	180	2.8372
1	181	2.94293
1	182	3.04954
1	183	3.15693
1	184	3.265
1	185	3.3736
1	186	3.48255
1	187	3.59164
1	188	3.70053
1	189	3.80876
1	190	3.91563
1	191	4.02006
1	192	4.12038
1	193	4.21389
1	194	4.29623
1	195	4.36036
1	196	4.39496
1	197	4.38242
1	198	4.2972
1	199	4.10733
1	200	3.78431
1	201	3.3252
1	202	2.77541
1	203	2.22189
1	204	1.748
1	205	1.39331
1	206	1.15367
1	207	1.00508
1	208	0.923388
1	209	0.891028
1	210	0.895396
1	211	0.926187
1	212	0.974899
1	213	1.03526
1	214	1.10321
1	215	1.17634
1	216	1.25329
1	217	1.33329
1	218	1.41589
1	219	1.50081
1	220	1.58786
1	221	1.67688
1	222	1.76777
1	223	1.86041
1	224	1.95471
1	225	2.05059
1	226	2.14798
1	227	2.24679
1	228	2.34697
1	229	2.44844
1	230	2.55115
1	231	2.65503
1	232	2.76003
1	233	2.86611
1	234	2.97321
1	235	3.08128
1	236	3.19029
1	237	3.30019
1	238	3.41094
1	239	3.52249
1	240	3.63482
1	241	3.74789
1	242	3.86165
1	243	3.97607
1	244	4.09109
1	245	4.20665
1	246	4.32268
1	247	4.43905
1	248	4.55557
1	249	4.67193
1	250	4.78755
1	251	4.90142
1	252	5.01158
1	253	5.11432
1	254	5.20238
1	255	5.26153
1	256	5.26425
1	257	5.16005
1	258	4.86785
1	259	4.29525
1	260	3.4251
1	261	2.42027
1	262	1.54273
1	263	0.930197
1	264	0.557734
1	265	0.347785
1	266	0.235856
1	267	0.178462
1	268	0.145426
1	269	0.116335
1	270	0.0834961
1	271	0.0513901
1	272	0.0271049
1	273	0.012549
1	274	0.00525671
1	275	0.00204609
1	276	0.000755038
1	277	0.000267904
1	278	9.22872e-05
1	279	3.10675e-05
1	280	1.0267e-05
1	281	3.3415e-06
1	282	1.07353e-06
1	283	3.41047e-07
1	284	1.07278e-07
1	285	3.34469e-08
1	286	1.03442e-08
1	287	3.17562e-09
1	288	9.68232e-10
1	289	2.93323e-10
1	290	8.8327e-11
1	291	2.64459e-11
1	292	7.87519e-12
1	293	2.33293e-12
1	294	6.87658e-13
1	295	2.0172e-13
1	296	5.88981e-14
1	297	1.71194e-14
1	298	4.95413e-15
1	299	1.42753e-15
1	300	4.09623e-16
1	301	1.1706e-16
1	302	3.33186e-17
1	303	9.44622e-18
1	304	2.66778e-18
1	305	7.50567e-19
1	306	2.10379e-19
1	307	5.87506e-20
1	308	1.63471e-20
1	309	4.53219e-21
1	310	1.25208e-21
1	311	3.44692e-22
1	312	9.45631e-23
1	313	2.58535e-23
1	314	7.04429e-24
1	315	1.91289e-24
1	316	5.17716e-25
1	317	1.39654e-25
1	318	3.75478e-26
1	319	1.00624e-26
1	320	2.68788e-27
1	321	7.15684e-28
1	322	1.89953e-28
1	323	5.02567e-29
1	324	1.32548e-29
1	325	3.4849e-30
1	326	9.13388e-31
1	327	2.38658e-31
1	328	6.2167e-32
1	329	1.61441e-32
1	330	4.1797e-33
1	331	1.07885e-33
1	332	2.7763e-34
1	333	7.12312e-35
1	334	1.82212e-35
1	335	4.64722e-36
1	336	1.18175e-36
1	337	2.99625e-37
1	338	7.57455e-38
1	339	1.90927e-38
1	340	4.79863e-39
1	341	1.20256e-39
1	342	3.00502e-40
1	343	7.48753e-41
1	344	1.86032e-41
1	345	4.60885e-42
1	346	1.13837e-42
1	347	2.79491e-43
1	348	6.47816e-44
1	349	0
