2	1000
0	0	0
0	1	0.157686
0	2	0.25325
0	3	0.270595
0	4	0.207836
0	5	0.0724584
0	6	0.0877535
0	7	0.469393
0	8	0.675689
0	9	0.812406
0	10	0.898136
0	11	0.94548
0	12	0.96242
0	13	0.952934
0	14	0.917183
0	15	0.851232
0	16	0.746471
0	17	0.589177
0	18	0.361722
0	19	0.0538593
0	20	0.0202844
0	21	0.0122444
0	22	0.00856246
0	23	0.0061025
0	24	0.00422745
0	25	0.00282967
0	26	0.00183725
0	27	0.00116367
0	28	0.000723477
0	29	0.000445499
0	30	0.000275793
0	31	0.00017596
0	32	0.000119964
0	33	9.09009e-05
0	34	7.82516e-05
0	35	7.57639e-05
0	36	7.99421e-05
0	37	8.90358e-05
0	38	0.000102406
0	39	0.000120154
0	40	0.000142939
0	41	0.000171912
0	42	0.000208754
0	43	0.000255781
0	44	0.000316136
0	45	0.000394074
0	46	0.000495368
0	47	0.000627892
0	48	0.000802438
0	49	0.00103388
0	50	0.00134286
0	51	0.00175812
0	52	0.00232001
0	53	0.00308537
0	54	0.00413481
0	55	0.00558308
0	56	0.00759445
0	57	0.0104048
0	58	0.0143542
0	59	0.0199336
0	60	0.027852
0	61	0.0391313
0	62	0.0552356
0	63	0.0782392
0	64	0.111026
0	65	0.157479
0	66	0.222568
0	67	0.312128
0	68	0.432021
0	69	0.586379
0	70	0.774933
0	71	0.990378
0	72	1.21765
0	73	1.43674
0	74	1.62828
0	75	1.77885
0	76	1.88296
0	77	1.94157
0	78	1.95905
0	79	1.94034
0	80	1.88927
0	81	1.80819
0	82	1.69837
0	83	1.56103
0	84	1.3986
0	85	1.21592
0	86	1.02088
0	87	0.824091
0	88	0.637361
0	89	0.471314
0	90	0.333133
0	91	0.225383
0	92	0.146367
0	93	0.0915775
0	94	0.055426
0	95	0.0325796
0	96	0.0186666
0	97	0.010458
0	98	0.00574458
0	99	0.00310061
0	100	0.00164738
0	101	0.000862845
0	102	0.000446037
0	103	0.000227785
0	104	0.000115009
0	105	5.74475e-05
0	106	2.84036e-05
0	107	1.3907e-05
0	108	6.74548e-06
0	109	3.2423e-06
0	110	1.54481e-06
0	111	7.29767e-07
0	112	3.41878e-07
0	113	1.58861e-07
0	114	7.32308e-08
0	115	3.3494e-08
0	116	1.52018e-08
0	117	6.84744e-09
0	118	3.06138e-09
0	119	1.35864e-09
0	120	5.98592e-10
0	121	2.61839e-10
0	122	1.13723e-10
0	123	4.90464e-11
0	124	2.10058e-11
0	125	8.93459e-12
0	126	3.77433e-12
0	127	1.58365e-12
0	128	6.60021e-13
0	129	2.73249e-13
0	130	1.12378e-13
0	131	4.59147e-14
0	132	1.86374e-14
0	133	7.51631e-15
0	134	3.0118e-15
0	135	1.19913e-15
0	136	4.74403e-16
0	137	1.86502e-16
0	138	7.28598e-17
0	139	2.82865e-17
0	140	1.09137e-17
0	141	4.18489e-18
0	142	1.59487e-18
0	143	6.04107e-19
0	144	2.27437e-19
0	145	8.51099e-20
0	146	3.16582e-20
0	147	1.17055e-20
0	148	4.30236e-21
0	149	1.57198e-21
0	150	5.70983e-22
0	151	2.06181e-22
0	152	7.40172e-23
0	153	2.64173e-23
0	154	9.37406e-24
0	155	3.3072e-24
0	156	1.16011e-24
0	157	4.04625e-25
0	158	1.40324e-25
0	159	4.83894e-26
0	160	1.65926e-26
0	161	5.65766e-27
0	162	1.91834e-27
0	163	6.46835e-28
0	164	2.16894e-28
0	165	7.23269e-29
0	166	2.3986e-29
0	167	7.911e-30
0	168	2.59496e-30
0	169	8.46572e-31
0	170	2.74689e-31
0	171	8.86482e-32
0	172	2.84551e-32
0	173	9.08489e-33
0	174	2.88508e-33
0	175	9.11347e-34
0	176	2.86355e-34
0	177	8.95013e-35
0	178	2.7827e-35
0	179	8.60643e-36
0	180	2.64794e-36
0	181	8.10454e-37
0	182	2.4677e-37
0	183	7.47497e-38
0	184	2.2526e-38
0	185	6.75348e-39
0	186	2.01439e-39
0	187	5.97782e-40
0	188	1.76494e-40
0	189	5.18459e-41
0	190	1.51531e-41
0	191	4.40655e-42
0	192	1.27501e-42
0	193	3.67075e-43
0	194	1.05154e-43
0	195	2.99733e-44
0	196	8.50135e-45
0	197	2.39935e-45
0	198	6.73838e-46
0	199	1.88314e-46
0	200	5.23697e-47
0	201	1.44929e-47
0	202	3.99129e-48
0	203	1.09386e-48
0	204	2.98334e-49
0	205	8.09741e-50
0	206	2.18724e-50
0	207	5.87979e-51
0	208	1.57306e-51
0	209	4.18845e-52
0	210	1.10992e-52
0	211	2.92729e-53
0	212	7.68391e-54
0	213	2.00745e-54
0	214	5.21988e-55
0	215	1.35093e-55
0	216	3.47992e-56
0	217	8.92224e-57
0	218	2.27694e-57
0	219	5.78372e-58
0	220	1.46233e-58
0	221	3.68023e-59
0	222	9.21924e-60
0	223	2.29887e-60
0	224	5.70605e-61
0	225	1.40982e-61
0	226	3.46742e-62
0	227	8.48914e-63
0	228	2.06892e-63
0	229	5.01935e-64
0	230	1.21222e-64
0	231	2.91441e-65
0	232	6.97522e-66
0	233	1.66191e-66
0	234	3.9419e-67
0	235	9.30795e-68
0	236	2.18805e-68
0	237	5.12059e-69
0	238	1.19301e-69
0	239	2.76718e-70
0	240	6.38999e-71
0	241	1.46905e-71
0	242	3.36243e-72
0	243	7.66213e-73
0	244	1.73833e-73
0	245	3.92648e-74
0	246	8.83012e-75
0	247	1.97709e-75
0	248	4.40741e-76
0	249	9.78237e-77
0	250	2.16177e-77
0	251	4.75648e-78
0	252	1.04201e-78
0	253	2.27287e-79
0	254	4.93622e-80
0	255	1.06742e-80
0	256	2.29827e-81
0	257	4.92711e-82
0	258	1.05175e-82
0	259	2.23546e-83
0	260	4.73104e-84
0	261	9.96973e-85
0	262	2.09195e-85
0	263	4.3708e-86
0	264	9.09321e-87
0	265	1.88374e-87
0	266	3.88575e-88
0	267	7.98146e-89
0	268	1.63247e-89
0	269	3.32478e-90
0	270	6.74283e-91
0	271	1.3617e-91
0	272	2.73833e-92
0	273	5.48348e-93
0	274	1.09344e-93
0	275	2.17121e-94
0	276	4.29319e-95
0	277	8.45342e-96
0	278	1.65753e-96
0	279	3.23642e-97
0	280	6.29286e-98
0	281	1.21846e-98
0	282	2.3494e-99
0	283	4.51115e-100
0	284	8.62584e-101
0	285	1.64249e-101
0	286	3.11452e-102
0	287	5.88123e-103
0	288	1.10595e-103
0	289	2.07108e-104
0	290	3.86233e-105
0	291	7.17293e-106
0	292	1.3266e-106
0	293	2.44331e-107
0	294	4.4814e-108
0	295	8.18554e-109
0	296	1.48895e-109
0	297	2.6972e-110
0	298	4.86573e-111
0	299	8.74145e-112
0	300	1.56394e-112
0	301	2.78652e-113
0	302	4.94431e-114
0	303	8.73683e-115
0	304	1.53747e-115
0	305	2.69442e-116
0	306	4.70249e-117
0	307	8.17329e-118
0	308	1.41472e-118
0	309	2.43867e-119
0	310	4.1864e-120
0	311	7.15708e-121
0	312	1.21853e-121
0	313	2.06607e-122
0	314	3.48868e-123
0	315	5.86655e-124
0	316	9.82453e-125
0	317	1.6385e-125
0	318	2.72138e-126
0	319	4.50129e-127
0	320	7.41464e-128
0	321	1.21632e-128
0	322	1.98707e-129
0	323	3.23282e-130
0	324	5.23787e-131
0	325	8.45144e-132
0	326	1.35803e-132
0	327	2.17316e-133
0	328	3.46317e-134
0	329	5.49613e-135
0	330	8.68641e-136
0	331	1.36717e-136
0	332	2.1429e-137
0	333	3.34487e-138
0	334	5.19939e-139
0	335	8.0486e-140
0	336	1.24074e-140
0	337	1.90474e-141
0	338	2.91193e-142
0	339	4.43319e-143
0	340	6.72109e-144
0	341	1.01473e-144
0	342	1.52562e-145
0	343	2.28416e-146
0	344	3.40556e-147
0	345	5.05628e-148
0	346	7.47571e-149
0	347	1.10065e-149
0	348	1.61371e-150
0	349	2.35598e-151
0	350	3.42524e-152
0	351	4.95882e-153
0	352	7.14879e-154
0	353	1.02625e-154
0	354	1.46702e-155
0	355	2.08823e-156
0	356	2.95991e-157
0	357	4.17768e-158
0	358	5.87144e-159
0	359	8.21683e-160
0	360	1.14502e-160
0	361	1.58879e-161
0	362	2.19514e-162
0	363	3.01993e-163
0	364	4.13685e-164
0	365	5.64255e-165
0	366	7.66323e-166
0	367	1.03628e-166
0	368	1.39529e-167
0	369	1.87058e-168
0	370	2.49691e-169
0	371	3.31853e-170
0	372	4.39136e-171
0	373	5.78575e-172
0	374	7.58969e-173
0	375	9.91263e-174
0	376	1.28899e-174
0	377	1.6688e-175
0	378	2.15102e-176
0	379	2.7604e-177
0	380	3.52678e-178
0	381	4.48602e-179
0	382	5.68089e-180
0	383	7.16207e-181
0	384	8.98926e-182
0	385	1.12323e-182
0	386	1.39722e-183
0	387	1.73027e-184
0	388	2.13307e-185
0	389	2.6178e-186
0	390	3.19817e-187
0	391	3.88953e-188
0	392	4.70886e-189
0	393	5.67485e-190
0	394	6.8078e-191
0	395	8.12955e-192
0	396	9.66339e-193
0	397	1.14338e-193
0	398	1.3466e-194
0	399	1.57861e-195
0	400	1.84201e-196
0	401	2.13934e-197
0	402	2.47306e-198
0	403	2.84545e-199
0	404	3.25852e-200
0	405	3.71397e-201
0	406	4.21305e-202
0	407	4.75652e-203
0	408	5.34452e-204
0	409	5.97653e-205
0	410	6.65123e-206
0	411	7.36649e-207
0	412	8.11928e-208
0	413	8.90565e-209
0	414	9.72067e-210
0	415	1.05585e-210
0	416	1.14124e-211
0	417	1.22746e-212
0	418	1.31369e-213
0	419	1.399e-214
0	420	1.48244e-215
0	421	1.56301e-216
0	422	1.6397e-217
0	423	1.71148e-218
0	424	1.77738e-219
0	425	1.83644e-220
0	426	1.88778e-221
0	427	1.93062e-222
0	428	1.96428e-223
0	429	1.98819e-224
0	430	2.00195e-225
0	431	2.00529e-226
0	432	1.99812e-227
0	433	1.98049e-228
0	434	1.95263e-229
0	435	1.91494e-230
0	436	1.86794e-231
0	437	1.81232e-232
0	438	1.74887e-233
0	439	1.67849e-234
0	440	1.60217e-235
0	441	1.52094e-236
0	442	1.43588e-237
0	443	1.34807e-238
0	444	1.25859e-239
0	445	1.16847e-240
0	446	1.0787e-241
0	447	9.90186e-243
0	448	9.03764e-244
0	449	8.20161e-245
0	450	7.40006e-246
0	451	6.63817e-247
0	452	5.92001e-248
0	453	5.24859e-249
0	454	4.62586e-250
0	455	4.05281e-251
0	456	3.52953e-252
0	457	3.05533e-253
0	458	2.62883e-254
0	459	2.24809e-255
0	460	1.9107e-256
0	461	1.61391e-257
0	462	1.35475e-258
0	463	1.13008e-259
0	464	9.36726e-261
0	465	7.71523e-262
0	466	6.3139e-263
0	467	5.1338e-264
0	468	4.14716e-265
0	469	3.32822e-266
0	470	2.65339e-267
0	471	2.10133e-268
0	472	1.65299e-269
0	473	1.29153e-270
0	474	1.00225e-271
0	475	7.7242e-273
0	476	5.91178e-274
0	477	4.49306e-275
0	478	3.39078e-276
0	479	2.54076e-277
0	480	1.89019e-278
0	481	1.39604e-279
0	482	1.02356e-280
0	483	7.44944e-282
0	484	5.3814e-283
0	485	3.85832e-284
0	486	2.74537e-285
0	487	1.93853e-286
0	488	1.35824e-287
0	489	9.4424e-289
0	490	6.51259e-290
0	491	4.4561e-291
0	492	3.02446e-292
0	493	2.03609e-293
0	494	1.35945e-294
0	495	9.00128e-296
0	496	5.90992e-297
0	497	3.84728e-298
0	498	2.48299e-299
0	499	1.58856e-300
0	500	1.00738e-301
0	501	6.33134e-303
0	502	3.94334e-304
0	503	2.4336e-305
0	504	1.48798e-306
0	505	9.01275e-308
0	506	5.40724e-309
0	507	3.21288e-310
0	508	1.89042e-311
0	509	1.1013e-312
0	510	6.35146e-314
0	511	3.62578e-315
0	512	2.04843e-316
0	513	1.14517e-317
0	514	6.33382e-319
0	515	3.46488e-320
0	516	1.86757e-321
0	517	9.88131e-323
0	518	4.94066e-324
0	519	0
0	520	0
0	521	0
0	522	0
0	523	0
0	524	0
0	525	0
0	526	0
0	527	0
0	528	0
0	529	0
0	530	0
0	531	0
0	532	0
0	533	0
0	534	0
0	535	0
0	536	0
0	537	0
0	538	0
0	539	0
0	540	0
0	541	0
0	542	0
0	543	0
0	544	0
0	545	0
0	546	0
0	547	0
0	548	0
0	549	0
0	550	0
0	551	0
0	552	0
0	553	0
0	554	0
0	555	0
0	556	0
0	557	0
0	558	0
0	559	0
0	560	0
0	561	0
0	562	0
0	563	0
0	564	0
0	565	0
0	566	0
0	567	0
0	568	0
0	569	0
0	570	0
0	571	0
0	572	0
0	573	0
0	574	0
0	575	0
0	576	0
0	577	0
0	578	0
0	579	0
0	580	0
0	581	0
0	582	0
0	583	0
0	584	0
0	585	0
0	586	0
0	587	0
0	588	0
0	589	0
0	590	0
0	591	0
0	592	0
0	593	0
0	594	0
0	595	0
0	596	0
0	597	0
0	598	0
0	599	0
0	600	0
0	601	0
0	602	0
0	603	0
0	604	0
0	605	0
0	606	0
0	607	0
0	608	0
0	609	0
0	610	0
0	611	0
0	612	0
0	613	0
0	614	0
0	615	0
0	616	0
0	617	0
0	618	0
0	619	0
0	620	0
0	621	0
0	622	0
0	623	0
0	624	0
0	625	0
0	626	0
0	627	0
0	628	0
0	629	0
0	630	0
0	631	0
0	632	0
0	633	0
0	634	0
0	635	0
0	636	0
0	637	0
0	638	0
0	639	0
0	640	0
0	641	0
0	642	0
0	643	0
0	644	0
0	645	0
0	646	0
0	647	0
0	648	0
0	649	0
0	650	0
0	651	0
0	652	0
0	653	0
0	654	0
0	655	0
0	656	0
0	657	0
0	658	0
0	659	0
0	660	0
0	661	0
0	662	0
0	663	0
0	664	0
0	665	0
0	666	0
0	667	0
0	668	0
0	669	0
0	670	0
0	671	0
0	672	0
0	673	0
0	674	0
0	675	0
0	676	0
0	677	0
0	678	0
0	679	0
0	680	0
0	681	0
0	682	0
0	683	0
0	684	0
0	685	0
0	686	0
0	687	0
0	688	0
0	689	0
0	690	0
0	691	0
0	692	0
0	693	0
0	694	0
0	695	0
0	696	0
0	697	0
0	698	0
0	699	0
0	700	0
0	701	0
0	702	0
0	703	0
0	704	0
0	705	0
0	706	0
0	707	0
0	708	0
0	709	0
0	710	0
0	711	0
0	712	0
0	713	0
0	714	0
0	715	0
0	716	0
0	717	0
0	718	0
0	719	0
0	720	0
0	721	0
0	722	0
0	723	0
0	724	0
0	725	0
0	726	0
0	727	0
0	728	0
0	729	0
0	730	0
0	731	0
0	732	0
0	733	0
0	734	0
0	735	0
0	736	0
0	737	0
0	738	0
0	739	0
0	740	0
0	741	0
0	742	0
0	743	0
0	744	0
0	745	0
0	746	0
0	747	0
0	748	0
0	749	0
0	750	0
0	751	0
0	752	0
0	753	0
0	754	0
0	755	0
0	756	0
0	757	0
0	758	0
0	759	0
0	760	0
0	761	0
0	762	0
0	763	0
0	764	0
0	765	0
0	766	0
0	767	0
0	768	0
0	769	0
0	770	0
0	771	0
0	772	0
0	773	0
0	774	0
0	775	0
0	776	0
0	777	0
0	778	0
0	779	0
0	780	0
0	781	0
0	782	0
0	783	0
0	784	0
0	785	0
0	786	0
0	787	0
0	788	0
0	789	0
0	790	0
0	791	0
0	792	0
0	793	0
0	794	0
0	795	0
0	796	0
0	797	0
0	798	0
0	799	0
0	800	0
0	801	0
0	802	0
0	803	0
0	804	0
0	805	0
0	806	0
0	807	0
0	808	0
0	809	0
0	810	0
0	811	0
0	812	0
0	813	0
0	814	0
0	815	0
0	816	0
0	817	0
0	818	0
0	819	0
0	820	0
0	821	0
0	822	0
0	823	0
0	824	0
0	825	0
0	826	0
0	827	0
0	828	0
0	829	0
0	830	0
0	831	0
0	832	0
0	833	0
0	834	0
0	835	0
0	836	0
0	837	0
0	838	0
0	839	0
0	840	0
0	841	0
0	842	0
0	843	0
0	844	0
0	845	0
0	846	0
0	847	0
0	848	0
0	849	0
0	850	0
0	851	0
0	852	0
0	853	0
0	854	0
0	855	0
0	856	0
0	857	0
0	858	0
0	859	0
0	860	0
0	861	0
0	862	0
0	863	0
0	864	0
0	865	0
0	866	0
0	867	0
0	868	0
0	869	0
0	870	0
0	871	0
0	872	0
0	873	0
0	874	0
0	875	0
0	876	0
0	877	0
0	878	0
0	879	0
0	880	0
0	881	0
0	882	0
0	883	0
0	884	0
0	885	0
0	886	0
0	887	0
0	888	0
0	889	0
0	890	0
0	891	0
0	892	0
0	893	0
0	894	0
0	895	0
0	896	0
0	897	0
0	898	0
0	899	0
0	900	0
0	901	0
0	902	0
0	903	0
0	904	0
0	905	0
0	906	0
0	907	0
0	908	0
0	909	0
0	910	0
0	911	0
0	912	0
0	913	0
0	914	0
0	915	0
0	916	0
0	917	0
0	918	0
0	919	0
0	920	0
0	921	0
0	922	0
0	923	0
0	924	0
0	925	0
0	926	0
0	927	0
0	928	0
0	929	0
0	930	0
0	931	0
0	932	0
0	933	0
0	934	0
0	935	0
0	936	0
0	937	0
0	938	0
0	939	0
0	940	0
0	941	0
0	942	0
0	943	0
0	944	0
0	945	0
0	946	0
0	947	0
0	948	0
0	949	0
0	950	0
0	951	0
0	952	0
0	953	0
0	954	0
0	955	0
0	956	0
0	957	0
0	958	0
0	959	0
0	960	0
0	961	0
0	962	0
0	963	0
0	964	0
0	965	0
0	966	0
0	967	0
0	968	0
0	969	0
0	970	0
0	971	0
0	972	0
0	973	0
0	974	0
0	975	0
0	976	0
0	977	0
0	978	0
0	979	0
0	980	0
0	981	0
0	982	0
0	983	0
0	984	0
0	985	0
0	986	0
0	987	0
0	988	0
0	989	0
0	990	0
0	991	0
0	992	0
0	993	0
0	994	0
0	995	0
0	996	0
0	997	0
0	998	0
0	999	0
1	0	0
1	1	-0.425297
1	2	-0.512865
1	3	-0.522893
1	4	-0.479348
1	5	11.4033
1	6	19.784
1	7	0.376716
1	8	-0.602752
1	9	-0.610336
1	10	-0.609568
1	11	-0.6071
1	12	-0.604885
1	13	-0.603609
1	14	-0.603258
1	15	-0.603123
1	16	-0.601136
1	17	-0.590948
1	18	-0.546582
1	19	23.579
1	20	7.87676
1	21	4.28382
1	22	3.26989
1	23	3.01674
1	24	3.02016
1	25	3.08738
1	26	3.15607
1	27	3.21718
1	28	3.27502
1	29	3.3334
1	30	3.3936
1	31	3.45545
1	32	3.51837
1	33	3.58185
1	34	3.64558
1	35	3.70943
1	36	3.77334
1	37	3.8373
1	38	3.90129
1	39	3.96533
1	40	4.0294
1	41	4.09352
1	42	4.15767
1	43	4.22186
1	44	4.28606
1	45	4.35027
1	46	4.41447
1	47	4.47864
1	48	4.54274
1	49	4.60672
1	50	4.67052
1	51	4.73405
1	52	4.79717
1	53	4.85972
1	54	4.92145
1	55	4.98199
1	56	5.04085
1	57	5.09731
1	58	5.15034
1	59	5.19848
1	60	5.23961
1	61	5.27071
1	62	5.28752
1	63	5.28405
1	64	5.25209
1	65	5.18085
1	66	5.05688
1	67	4.86516
1	68	4.59176
1	69	4.22889
1	70	3.78126
1	71	3.27067
1	72	2.73432
1	73	2.21508
1	74	1.74869
1	75	1.35538
1	76	1.03957
1	77	0.794916
1	78	0.610217
1	79	0.473511
1	80	0.374064
1	81	0.302951
1	82	0.252913
1	83	0.217981
1	84	0.193104
1	85	0.173942
1	86	0.156905
1	87	0.139402
1	88	0.120162
1	89	0.0993357
1	90	0.0781864
1	91	0.0584155
1	92	0.0414497
1	93	0.0280176
1	94	0.0181224
1	95	0.0112738
1	96	0.00677904
1	97	0.00395803
1	98	0.00225276
1	99	0.00125403
1	100	0.000684584
1	101	0.000367301
1	102	0.000194024
1	103	0.00010105
1	104	5.19469e-05
1	105	2.63829e-05
1	106	1.3248e-05
1	107	6.58127e-06
1	108	3.23614e-06
1	109	1.57575e-06
1	110	7.60069e-07
1	111	3.63294e-07
1	112	1.72116e-07
1	113	8.08433e-08
1	114	3.76547e-08
1	115	1.73951e-08
1	116	7.97144e-09
1	117	3.62422e-09
1	118	1.635e-09
1	119	7.31983e-10
1	120	3.25245e-10
1	121	1.43447e-10
1	122	6.28035e-11
1	123	2.72978e-11
1	124	1.17803e-11
1	125	5.04781e-12
1	126	2.14783e-12
1	127	9.0756e-13
1	128	3.80853e-13
1	129	1.58735e-13
1	130	6.57117e-14
1	131	2.70206e-14
1	132	1.1037e-14
1	133	4.4785e-15
1	134	1.80534e-15
1	135	7.23024e-16
1	136	2.87694e-16
1	137	1.1374e-16
1	138	4.46803e-17
1	139	1.74405e-17
1	140	6.76482e-18
1	141	2.60751e-18
1	142	9.98813e-19
1	143	3.80229e-19
1	144	1.43855e-19
1	145	5.40927e-20
1	146	2.02162e-20
1	147	7.5097e-21
1	148	2.77281e-21
1	149	1.01767e-21
1	150	3.71274e-22
1	151	1.34647e-22
1	152	4.85432e-23
1	153	1.7398e-23
1	154	6.199e-24
1	155	2.19587e-24
1	156	7.73338e-25
1	157	2.70781e-25
1	158	9.42684e-26
1	159	3.26305e-26
1	160	1.12306e-26
1	161	3.84337e-27
1	162	1.30787e-27
1	163	4.42557e-28
1	164	1.48914e-28
1	165	4.98286e-29
1	166	1.65807e-29
1	167	5.48683e-30
1	168	1.80569e-30
1	169	5.90985e-31
1	170	1.92368e-31
1	171	6.22761e-32
1	172	2.00517e-32
1	173	6.4214e-33
1	174	2.04535e-33
1	175	6.47999e-34
1	176	2.04201e-34
1	177	6.4007e-35
1	178	1.99568e-35
1	179	6.18952e-36
1	180	1.90956e-36
1	181	5.86045e-37
1	182	1.78918e-37
1	183	5.43394e-38
1	184	1.64179e-38
1	185	4.93485e-39
1	186	1.47567e-39
1	187	4.39005e-40
1	188	1.29935e-40
1	189	3.82617e-41
1	190	1.12096e-41
1	191	3.26751e-42
1	192	9.47644e-43
1	193	2.73455e-43
1	194	7.85134e-44
1	195	2.24299e-44
1	196	6.37594e-45
1	197	1.80343e-45
1	198	5.07576e-46
1	199	1.42153e-46
1	200	3.96158e-47
1	201	1.09862e-47
1	202	3.03178e-48
1	203	8.32583e-49
1	204	2.27531e-49
1	205	6.18795e-50
1	206	1.67474e-50
1	207	4.5108e-51
1	208	1.20912e-51
1	209	3.2255e-52
1	210	8.56343e-53
1	211	2.26269e-53
1	212	5.95023e-54
1	213	1.55733e-54
1	214	4.05668e-55
1	215	1.05174e-55
1	216	2.71396e-56
1	217	6.9704e-57
1	218	1.78187e-57
1	219	4.53382e-58
1	220	1.14823e-58
1	221	2.8945e-59
1	222	7.26278e-60
1	223	1.81394e-60
1	224	4.5096e-61
1	225	1.11597e-61
1	226	2.749e-62
1	227	6.74068e-63
1	228	1.64531e-63
1	229	3.9977e-64
1	230	9.66932e-65
1	231	2.32814e-65
1	232	5.58027e-66
1	233	1.33149e-66
1	234	3.16271e-67
1	235	7.47869e-68
1	236	1.76052e-68
1	237	4.12582e-69
1	238	9.62579e-70
1	239	2.23575e-70
1	240	5.16981e-71
1	241	1.19013e-71
1	242	2.72764e-72
1	243	6.22381e-73
1	244	1.41385e-73
1	245	3.19769e-74
1	246	7.20039e-75
1	247	1.61423e-75
1	248	3.60304e-76
1	249	8.00699e-77
1	250	1.77162e-77
1	251	3.9028e-78
1	252	8.56028e-79
1	253	1.86944e-79
1	254	4.06487e-80
1	255	8.80033e-81
1	256	1.89701e-81
1	257	4.0716e-82
1	258	8.7013e-83
1	259	1.85153e-83
1	260	3.92292e-84
1	261	8.27602e-85
1	262	1.73848e-85
1	263	3.63627e-86
1	264	7.57329e-87
1	265	1.57057e-87
1	266	3.24321e-88
1	267	6.66873e-89
1	268	1.36541e-89
1	269	2.78377e-90
1	270	5.65147e-91
1	271	1.14248e-91
1	272	2.29982e-92
1	273	4.61001e-93
1	274	9.20182e-94
1	275	1.829e-94
1	276	3.62009e-95
1	277	7.13503e-96
1	278	1.40038e-96
1	279	2.73695e-97
1	280	5.32679e-98
1	281	1.03238e-98
1	282	1.99248e-99
1	283	3.82938e-100
1	284	7.32899e-101
1	285	1.39683e-101
1	286	2.65111e-102
1	287	5.0107e-103
1	288	9.43098e-104
1	289	1.76768e-104
1	290	3.29945e-105
1	291	6.13295e-106
1	292	1.13525e-106
1	293	2.09269e-107
1	294	3.84161e-108
1	295	7.02293e-109
1	296	1.27855e-109
1	297	2.31802e-110
1	298	4.18518e-111
1	299	7.52505e-112
1	300	1.34742e-112
1	301	2.4027e-113
1	302	4.26675e-114
1	303	7.54563e-115
1	304	1.32891e-115
1	305	2.33077e-116
1	306	4.07104e-117
1	307	7.08133e-118
1	308	1.22667e-118
1	309	2.11615e-119
1	310	3.63554e-120
1	311	6.22007e-121
1	312	1.05981e-121
1	313	1.7983e-122
1	314	3.03881e-123
1	315	5.11386e-124
1	316	8.57035e-125
1	317	1.43039e-125
1	318	2.37745e-126
1	319	3.93528e-127
1	320	6.48698e-128
1	321	1.06491e-128
1	322	1.74095e-129
1	323	2.83441e-130
1	324	4.59559e-131
1	325	7.4203e-132
1	326	1.19317e-132
1	327	1.91066e-133
1	328	3.04695e-134
1	329	4.83889e-135
1	330	7.65286e-136
1	331	1.20531e-136
1	332	1.89048e-137
1	333	2.95283e-138
1	334	4.59303e-139
1	335	7.11466e-140
1	336	1.09749e-140
1	337	1.68593e-141
1	338	2.57909e-142
1	339	3.92899e-143
1	340	5.96051e-144
1	341	9.00474e-145
1	342	1.3547e-145
1	343	2.02954e-146
1	344	3.02783e-147
1	345	4.49828e-148
1	346	6.65484e-149
1	347	9.80404e-150
1	348	1.43829e-150
1	349	2.10116e-151
1	350	3.05662e-152
1	351	4.42784e-153
1	352	6.38717e-154
1	353	9.17463e-155
1	354	1.31229e-155
1	355	1.86909e-156
1	356	2.65087e-157
1	357	3.74369e-158
1	358	5.26457e-159
1	359	7.37184e-160
1	360	1.02786e-160
1	361	1.42705e-161
1	362	1.97281e-162
1	363	2.71561e-163
1	364	3.72209e-164
1	365	5.07971e-165
1	366	6.90272e-166
1	367	9.33959e-167
1	368	1.25823e-167
1	369	1.68776e-168
1	370	2.25413e-169
1	371	2.9975e-170
1	372	3.96873e-171
1	373	5.23177e-172
1	374	6.86672e-173
1	375	8.97324e-174
1	376	1.16747e-174
1	377	1.51227e-175
1	378	1.95031e-176
1	379	2.50416e-177
1	380	3.2011e-178
1	381	4.07391e-179
1	382	5.16171e-180
1	383	6.51094e-181
1	384	8.17627e-182
1	385	1.02217e-182
1	386	1.27218e-183
1	387	1.57623e-184
1	388	1.94416e-185
1	389	2.38718e-186
1	390	2.91792e-187
1	391	3.55049e-188
1	392	4.30058e-189
1	393	5.18542e-190
1	394	6.22377e-191
1	395	7.43586e-192
1	396	8.84321e-193
1	397	1.04685e-193
1	398	1.23353e-194
1	399	1.44677e-195
1	400	1.689e-196
1	401	1.96259e-197
1	402	2.26985e-198
1	403	2.61291e-199
1	404	2.99367e-200
1	405	3.41375e-201
1	406	3.87435e-202
1	407	4.37623e-203
1	408	4.91957e-204
1	409	5.50395e-205
1	410	6.12821e-206
1	411	6.79044e-207
1	412	7.4879e-208
1	413	8.21698e-209
1	414	8.9732e-210
1	415	9.75116e-211
1	416	1.05447e-211
1	417	1.13466e-212
1	418	1.21493e-213
1	419	1.29443e-214
1	420	1.37227e-215
1	421	1.44752e-216
1	422	1.51923e-217
1	423	1.58647e-218
1	424	1.64831e-219
1	425	1.70385e-220
1	426	1.75228e-221
1	427	1.79286e-222
1	428	1.82494e-223
1	429	1.84799e-224
1	430	1.86161e-225
1	431	1.86556e-226
1	432	1.85971e-227
1	433	1.84413e-228
1	434	1.819e-229
1	435	1.78468e-230
1	436	1.74165e-231
1	437	1.69054e-232
1	438	1.63208e-233
1	439	1.56709e-234
1	440	1.49649e-235
1	441	1.42124e-236
1	442	1.34235e-237
1	443	1.26081e-238
1	444	1.17763e-239
1	445	1.09379e-240
1	446	1.01019e-241
1	447	9.27703e-243
1	448	8.47101e-244
1	449	7.69073e-245
1	450	6.94211e-246
1	451	6.23005e-247
1	452	5.55844e-248
1	453	4.93014e-249
1	454	4.34706e-250
1	455	3.81018e-251
1	456	3.31965e-252
1	457	2.87488e-253
1	458	2.47463e-254
1	459	2.11712e-255
1	460	1.80015e-256
1	461	1.52118e-257
1	462	1.27745e-258
1	463	1.06606e-259
1	464	8.84034e-261
1	465	7.28432e-262
1	466	5.96379e-263
1	467	4.85118e-264
1	468	3.92051e-265
1	469	3.14766e-266
1	470	2.5105e-267
1	471	1.98901e-268
1	472	1.5653e-269
1	473	1.22353e-270
1	474	9.49875e-272
1	475	7.32368e-273
1	476	5.60759e-274
1	477	4.26367e-275
1	478	3.21902e-276
1	479	2.41307e-277
1	480	1.79596e-278
1	481	1.327e-279
1	482	9.73354e-281
1	483	7.087e-282
1	484	5.12173e-283
1	485	3.67369e-284
1	486	2.6151e-285
1	487	1.84732e-286
1	488	1.29488e-287
1	489	9.00575e-289
1	490	6.21405e-290
1	491	4.25362e-291
1	492	2.88826e-292
1	493	1.94522e-293
1	494	1.29933e-294
1	495	8.60684e-296
1	496	5.65335e-297
1	497	3.68181e-298
1	498	2.37722e-299
1	499	1.52154e-300
1	500	9.65287e-302
1	501	6.06939e-303
1	502	3.7818e-304
1	503	2.3349e-305
1	504	1.42825e-306
1	505	8.65468e-308
1	506	5.19465e-309
1	507	3.0879e-310
1	508	1.81766e-311
1	509	1.05937e-312
1	510	6.11232e-314
1	511	3.49079e-315
1	512	1.97303e-316
1	513	1.10349e-317
1	514	6.10606e-319
1	515	3.34186e-320
1	516	1.80828e-321
1	517	9.38725e-323
1	518	4.94066e-324
1	519	0
1	520	0
1	521	0
1	522	0
1	523	0
1	524	0
1	525	0
1	526	0
1	527	0
1	528	0
1	529	0
1	530	0
1	531	0
1	532	0
1	533	0
1	534	0
1	535	0
1	536	0
1	537	0
1	538	0
1	539	0
1	540	0
1	541	0
1	542	0
1	543	0
1	544	0
1	545	0
1	546	0
1	547	0
1	548	0
1	549	0
1	550	0
1	551	0
1	552	0
1	553	0
1	554	0
1	555	0
1	556	0
1	557	0
1	558	0
1	559	0
1	560	0
1	561	0
1	562	0
1	563	0
1	564	0
1	565	0
1	566	0
1	567	0
1	568	0
1	569	0
1	570	0
1	571	0
1	572	0
1	573	0
1	574	0
1	575	0
1	576	0
1	577	0
1	578	0
1	579	0
1	580	0
1	581	0
1	582	0
1	583	0
1	584	0
1	585	0
1	586	0
1	587	0
1	588	0
1	589	0
1	590	0
1	591	0
1	592	0
1	593	0
1	594	0
1	595	0
1	596	0
1	597	0
1	598	0
1	599	0
1	600	0
1	601	0
1	602	0
1	603	0
1	604	0
1	605	0
1	606	0
1	607	0
1	608	0
1	609	0
1	610	0
1	611	0
1	612	0
1	613	0
1	614	0
1	615	0
1	616	0
1	617	0
1	618	0
1	619	0
1	620	0
1	621	0
1	622	0
1	623	0
1	624	0
1	625	0
1	626	0
1	627	0
1	628	0
1	629	0
1	630	0
1	631	0
1	632	0
1	633	0
1	634	0
1	635	0
1	636	0
1	637	0
1	638	0
1	639	0
1	640	0
1	641	0
1	642	0
1	643	0
1	644	0
1	645	0
1	646	0
1	647	0
1	648	0
1	649	0
1	650	0
1	651	0
1	652	0
1	653	0
1	654	0
1	655	0
1	656	0
1	657	0
1	658	0
1	659	0
1	660	0
1	661	0
1	662	0
1	663	0
1	664	0
1	665	0
1	666	0
1	667	0
1	668	0
1	669	0
1	670	0
1	671	0
1	672	0
1	673	0
1	674	0
1	675	0
1	676	0
1	677	0
1	678	0
1	679	0
1	680	0
1	681	0
1	682	0
1	683	0
1	684	0
1	685	0
1	686	0
1	687	0
1	688	0
1	689	0
1	690	0
1	691	0
1	692	0
1	693	0
1	694	0
1	695	0
1	696	0
1	697	0
1	698	0
1	699	0
1	700	0
1	701	0
1	702	0
1	703	0
1	704	0
1	705	0
1	706	0
1	707	0
1	708	0
1	709	0
1	710	0
1	711	0
1	712	0
1	713	0
1	714	0
1	715	0
1	716	0
1	717	0
1	718	0
1	719	0
1	720	0
1	721	0
1	722	0
1	723	0
1	724	0
1	725	0
1	726	0
1	727	0
1	728	0
1	729	0
1	730	0
1	731	0
1	732	0
1	733	0
1	734	0
1	735	0
1	736	0
1	737	0
1	738	0
1	739	0
1	740	0
1	741	0
1	742	0
1	743	0
1	744	0
1	745	0
1	746	0
1	747	0
1	748	0
1	749	0
1	750	0
1	751	0
1	752	0
1	753	0
1	754	0
1	755	0
1	756	0
1	757	0
1	758	0
1	759	0
1	760	0
1	761	0
1	762	0
1	763	0
1	764	0
1	765	0
1	766	0
1	767	0
1	768	0
1	769	0
1	770	0
1	771	0
1	772	0
1	773	0
1	774	0
1	775	0
1	776	0
1	777	0
1	778	0
1	779	0
1	780	0
1	781	0
1	782	0
1	783	0
1	784	0
1	785	0
1	786	0
1	787	0
1	788	0
1	789	0
1	790	0
1	791	0
1	792	0
1	793	0
1	794	0
1	795	0
1	796	0
1	797	0
1	798	0
1	799	0
1	800	0
1	801	0
1	802	0
1	803	0
1	804	0
1	805	0
1	806	0
1	807	0
1	808	0
1	809	0
1	810	0
1	811	0
1	812	0
1	813	0
1	814	0
1	815	0
1	816	0
1	817	0
1	818	0
1	819	0
1	820	0
1	821	0
1	822	0
1	823	0
1	824	0
1	825	0
1	826	0
1	827	0
1	828	0
1	829	0
1	830	0
1	831	0
1	832	0
1	833	0
1	834	0
1	835	0
1	836	0
1	837	0
1	838	0
1	839	0
1	840	0
1	841	0
1	842	0
1	843	0
1	844	0
1	845	0
1	846	0
1	847	0
1	848	0
1	849	0
1	850	0
1	851	0
1	852	0
1	853	0
1	854	0
1	855	0
1	856	0
1	857	0
1	858	0
1	859	0
1	860	0
1	861	0
1	862	0
1	863	0
1	864	0
1	865	0
1	866	0
1	867	0
1	868	0
1	869	0
1	870	0
1	871	0
1	872	0
1	873	0
1	874	0
1	875	0
1	876	0
1	877	0
1	878	0
1	879	0
1	880	0
1	881	0
1	882	0
1	883	0
1	884	0
1	885	0
1	886	0
1	887	0
1	888	0
1	889	0
1	890	0
1	891	0
1	892	0
1	893	0
1	894	0
1	895	0
1	896	0
1	897	0
1	898	0
1	899	0
1	900	0
1	901	0
1	902	0
1	903	0
1	904	0
1	905	0
1	906	0
1	907	0
1	908	0
1	909	0
1	910	0
1	911	0
1	912	0
1	913	0
1	914	0
1	915	0
1	916	0
1	917	0
1	918	0
1	919	0
1	920	0
1	921	0
1	922	0
1	923	0
1	924	0
1	925	0
1	926	0
1	927	0
1	928	0
1	929	0
1	930	0
1	931	0
1	932	0
1	933	0
1	934	0
1	935	0
1	936	0
1	937	0
1	938	0
1	939	0
1	940	0
1	941	0
1	942	0
1	943	0
1	944	0
1	945	0
1	946	0
1	947	0
1	948	0
1	949	0
1	950	0
1	951	0
1	952	0
1	953	0
1	954	0
1	955	0
1	956	0
1	957	0
1	958	0
1	959	0
1	960	0
1	961	0
1	962	0
1	963	0
1	964	0
1	965	0
1	966	0
1	967	0
1	968	0
1	969	0
1	970	0
1	971	0
1	972	0
1	973	0
1	974	0
1	975	0
1	976	0
1	977	0
1	978	0
1	979	0
1	980	0
1	981	0
1	982	0
1	983	0
1	984	0
1	985	0
1	986	0
1	987	0
1	988	0
1	989	0
1	990	0
1	991	0
1	992	0
1	993	0
1	994	0
1	995	0
1	996	0
1	997	0
1	998	0
1	999	0
