2	500
0	0	0
0	1	0.0906984
0	2	0.0213695
0	3	0.1331
0	4	0.0299244
0	5	0.138257
0	6	0.026156
0	7	0.587999
0	8	0.862012
0	9	0.987446
0	10	1.04335
0	11	1.06664
0	12	1.07294
0	13	1.06652
0	14	1.04308
0	15	0.986928
0	16	0.861007
0	17	0.586011
0	18	0.0225577
0	19	0.0395135
0	20	0.170205
0	21	0.0460199
0	22	0.0792565
0	23	0.159217
0	24	0.0876122
0	25	0.0672902
0	26	0.0787944
0	27	0.0978304
0	28	0.116509
0	29	0.136887
0	30	0.161836
0	31	0.191353
0	32	0.222391
0	33	0.249427
0	34	0.265725
0	35	0.265662
0	36	0.247405
0	37	0.214215
0	38	0.173187
0	39	0.132143
0	40	0.0967345
0	41	0.0693454
0	42	0.0497533
0	43	0.0364522
0	44	0.0277107
0	45	0.022092
0	46	0.0185772
0	47	0.0165108
0	48	0.0155048
0	49	0.0153594
0	50	0.0160145
0	51	0.0175292
0	52	0.0200867
0	53	0.0240245
0	54	0.0298935
0	55	0.0385542
0	56	0.0513154
0	57	0.0701081
0	58	0.0976425
0	59	0.137381
0	60	0.192947
0	61	0.266375
0	62	0.354815
0	63	0.446832
0	64	0.522
0	65	0.557557
0	66	0.53999
0	67	0.47315
0	68	0.376467
0	69	0.274739
0	70	0.186934
0	71	0.121104
0	72	0.0763918
0	73	0.0478855
0	74	0.0303131
0	75	0.019598
0	76	0.0130315
0	77	0.00894736
0	78	0.00635614
0	79	0.00467616
0	80	0.00356393
0	81	0.002814
0	82	0.00230154
0	83	0.00194948
0	84	0.00170967
0	85	0.00155194
0	86	0.00145772
0	87	0.00141635
0	88	0.00142306
0	89	0.00147804
0	90	0.0015864
0	91	0.00175891
0	92	0.00201383
0	93	0.00238
0	94	0.00290221
0	95	0.00364991
0	96	0.0047317
0	97	0.00631943
0	98	0.00868872
0	99	0.0122874
0	100	0.017851
0	101	0.0265971
0	102	0.0405422
0	103	0.0629891
0	104	0.0991811
0	105	0.156876
0	106	0.245938
0	107	0.374837
0	108	0.541662
0	109	0.722218
0	110	0.868751
0	111	0.930959
0	112	0.884955
0	113	0.745437
0	114	0.556704
0	115	0.370671
0	116	0.223251
0	117	0.12445
0	118	0.0659623
0	119	0.0341145
0	120	0.0175894
0	121	0.00918535
0	122	0.00490933
0	123	0.00270255
0	124	0.00153766
0	125	0.000905825
0	126	0.000552937
0	127	0.000349853
0	128	0.000229455
0	129	0.000155983
0	130	0.000109892
0	131	8.02198e-05
0	132	6.06655e-05
0	133	4.75169e-05
0	134	3.85389e-05
0	135	3.23586e-05
0	136	2.81196e-05
0	137	2.5284e-05
0	138	2.3517e-05
0	139	2.26204e-05
0	140	2.24947e-05
0	141	2.31207e-05
0	142	2.45548e-05
0	143	2.69379e-05
0	144	3.05181e-05
0	145	3.56936e-05
0	146	4.30859e-05
0	147	5.36616e-05
0	148	6.89362e-05
0	149	9.1318e-05
0	150	0.000124698
0	151	0.000175481
0	152	0.000254408
0	153	0.000379863
0	154	0.000583954
0	155	0.000923925
0	156	0.00150397
0	157	0.00251766
0	158	0.00433187
0	159	0.00765518
0	160	0.0138789
0	161	0.0257678
0	162	0.0488343
0	163	0.0939124
0	164	0.181239
0	165	0.343946
0	166	0.62027
0	167	1.01439
0	168	1.44493
0	169	1.78244
0	170	1.95982
0	171	1.98986
0	172	1.90422
0	173	1.71805
0	174	1.43702
0	175	1.08399
0	176	0.717391
0	177	0.410719
0	178	0.20477
0	179	0.0908831
0	180	0.0368683
0	181	0.0139902
0	182	0.00505331
0	183	0.00175892
0	184	0.000594952
0	185	0.000196694
0	186	6.38142e-05
0	187	2.03753e-05
0	188	6.41596e-06
0	189	1.99562e-06
0	190	6.13871e-07
0	191	1.86928e-07
0	192	5.639e-08
0	193	1.68627e-08
0	194	5.00121e-09
0	195	1.47173e-09
0	196	4.29881e-10
0	197	1.24671e-10
0	198	3.59084e-11
0	199	1.0274e-11
0	200	2.92071e-12
0	201	8.25117e-13
0	202	2.31682e-13
0	203	6.46665e-14
0	204	1.79445e-14
0	205	4.9511e-15
0	206	1.35841e-15
0	207	3.70651e-16
0	208	1.00587e-16
0	209	2.71513e-17
0	210	7.29037e-18
0	211	1.94736e-18
0	212	5.17499e-19
0	213	1.36825e-19
0	214	3.59946e-20
0	215	9.42212e-21
0	216	2.45427e-21
0	217	6.36174e-22
0	218	1.64109e-22
0	219	4.21315e-23
0	220	1.07651e-23
0	221	2.73769e-24
0	222	6.92978e-25
0	223	1.74598e-25
0	224	4.37884e-26
0	225	1.09318e-26
0	226	2.71677e-27
0	227	6.72132e-28
0	228	1.65542e-28
0	229	4.05909e-29
0	230	9.9089e-30
0	231	2.4083e-30
0	232	5.82769e-31
0	233	1.40408e-31
0	234	3.36829e-32
0	235	8.04561e-33
0	236	1.91359e-33
0	237	4.53202e-34
0	238	1.0688e-34
0	239	2.50997e-35
0	240	5.86977e-36
0	241	1.36698e-36
0	242	3.17031e-37
0	243	7.32227e-38
0	244	1.68424e-38
0	245	3.85821e-39
0	246	8.80234e-40
0	247	2.00009e-40
0	248	4.52634e-41
0	249	1.02023e-41
0	250	2.29041e-42
0	251	5.12149e-43
0	252	1.14066e-43
0	253	2.53047e-44
0	254	5.5916e-45
0	255	1.23075e-45
0	256	2.69842e-46
0	257	5.89333e-47
0	258	1.28213e-47
0	259	2.77861e-48
0	260	5.99869e-49
0	261	1.2901e-49
0	262	2.76399e-50
0	263	5.89932e-51
0	264	1.25437e-51
0	265	2.65712e-52
0	266	5.6075e-53
0	267	1.17897e-53
0	268	2.46956e-54
0	269	5.15378e-55
0	270	1.07158e-55
0	271	2.21986e-56
0	272	4.58177e-57
0	273	9.42219e-58
0	274	1.93058e-58
0	275	3.94137e-59
0	276	8.01744e-60
0	277	1.62502e-60
0	278	3.28187e-61
0	279	6.60434e-62
0	280	1.3243e-62
0	281	2.64608e-63
0	282	5.2684e-64
0	283	1.04525e-64
0	284	2.0665e-65
0	285	4.07124e-66
0	286	7.99282e-67
0	287	1.56372e-67
0	288	3.04868e-68
0	289	5.92328e-69
0	290	1.14687e-69
0	291	2.21295e-70
0	292	4.25542e-71
0	293	8.1551e-72
0	294	1.55753e-72
0	295	2.96464e-73
0	296	5.62391e-74
0	297	1.06326e-74
0	298	2.00346e-75
0	299	3.76242e-76
0	300	7.04211e-77
0	301	1.31369e-77
0	302	2.44254e-78
0	303	4.5264e-79
0	304	8.36049e-80
0	305	1.53916e-80
0	306	2.82429e-81
0	307	5.16556e-82
0	308	9.41696e-83
0	309	1.71117e-83
0	310	3.09934e-84
0	311	5.59554e-85
0	312	1.00697e-85
0	313	1.80634e-86
0	314	3.22992e-87
0	315	5.75703e-88
0	316	1.02288e-88
0	317	1.81164e-89
0	318	3.1985e-90
0	319	5.62927e-91
0	320	9.87626e-92
0	321	1.72732e-92
0	322	3.01157e-93
0	323	5.23434e-94
0	324	9.06944e-95
0	325	1.56658e-95
0	326	2.69765e-96
0	327	4.63104e-97
0	328	7.9257e-98
0	329	1.35228e-98
0	330	2.30022e-99
0	331	3.90075e-100
0	332	6.59491e-101
0	333	1.11161e-101
0	334	1.86804e-102
0	335	3.12976e-103
0	336	5.22794e-104
0	337	8.70663e-105
0	338	1.44568e-105
0	339	2.39331e-106
0	340	3.95036e-107
0	341	6.50111e-108
0	342	1.06673e-108
0	343	1.74519e-109
0	344	2.84678e-110
0	345	4.63011e-111
0	346	7.50862e-112
0	347	1.21412e-112
0	348	1.9575e-113
0	349	3.14689e-114
0	350	5.04436e-115
0	351	8.06264e-116
0	352	1.28499e-116
0	353	2.04209e-117
0	354	3.23599e-118
0	355	5.11328e-119
0	356	8.05668e-120
0	357	1.26584e-120
0	358	1.98322e-121
0	359	3.0984e-122
0	360	4.82703e-123
0	361	7.49896e-124
0	362	1.16173e-124
0	363	1.79471e-125
0	364	2.76485e-126
0	365	4.24758e-127
0	366	6.50738e-128
0	367	9.94187e-129
0	368	1.51471e-129
0	369	2.30143e-130
0	370	3.48715e-131
0	371	5.26931e-132
0	372	7.94053e-133
0	373	1.19333e-133
0	374	1.78851e-134
0	375	2.67326e-135
0	376	3.9849e-136
0	377	5.92406e-137
0	378	8.78319e-138
0	379	1.29873e-138
0	380	1.91522e-139
0	381	2.81682e-140
0	382	4.1318e-141
0	383	6.04456e-142
0	384	8.81935e-143
0	385	1.28339e-143
0	386	1.86265e-144
0	387	2.69625e-145
0	388	3.89267e-146
0	389	5.60524e-147
0	390	8.05016e-148
0	391	1.15314e-148
0	392	1.6475e-149
0	393	2.34769e-150
0	394	3.3368e-151
0	395	4.73037e-152
0	396	6.68867e-153
0	397	9.43335e-154
0	398	1.32702e-154
0	399	1.86197e-155
0	400	2.60591e-156
0	401	3.63778e-157
0	402	5.06534e-158
0	403	7.03521e-159
0	404	9.74643e-160
0	405	1.34684e-160
0	406	1.85648e-161
0	407	2.55252e-162
0	408	3.50074e-163
0	409	4.78918e-164
0	410	6.53546e-165
0	411	8.89627e-166
0	412	1.20798e-166
0	413	1.63618e-167
0	414	2.21068e-168
0	415	2.97952e-169
0	416	4.00586e-170
0	417	5.3725e-171
0	418	7.18769e-172
0	419	9.59262e-173
0	420	1.2771e-173
0	421	1.69609e-174
0	422	2.24707e-175
0	423	2.96981e-176
0	424	3.91551e-177
0	425	5.14986e-178
0	426	6.75701e-179
0	427	8.84438e-180
0	428	1.15488e-180
0	429	1.50439e-181
0	430	1.955e-182
0	431	2.53452e-183
0	432	3.27799e-184
0	433	4.22948e-185
0	434	5.44421e-186
0	435	6.99122e-187
0	436	8.95663e-188
0	437	1.14475e-188
0	438	1.45967e-189
0	439	1.85686e-190
0	440	2.35659e-191
0	441	2.98381e-192
0	442	3.76917e-193
0	443	4.75015e-194
0	444	5.97253e-195
0	445	7.49206e-196
0	446	9.37644e-197
0	447	1.17077e-197
0	448	1.45848e-198
0	449	1.81272e-199
0	450	2.24783e-200
0	451	2.78099e-201
0	452	3.43275e-202
0	453	4.22757e-203
0	454	5.19458e-204
0	455	6.36828e-205
0	456	7.78945e-206
0	457	9.5062e-207
0	458	1.15751e-207
0	459	1.40625e-208
0	460	1.7046e-209
0	461	2.06159e-210
0	462	2.48777e-211
0	463	2.99533e-212
0	464	3.59839e-213
0	465	4.31322e-214
0	466	5.15856e-215
0	467	6.15587e-216
0	468	7.32971e-217
0	469	8.70807e-218
0	470	1.03228e-218
0	471	1.221e-219
0	472	1.44104e-220
0	473	1.697e-221
0	474	1.99405e-222
0	475	2.33797e-223
0	476	2.73521e-224
0	477	3.19299e-225
0	478	3.71927e-226
0	479	4.32288e-227
0	480	5.01358e-228
0	481	5.80204e-229
0	482	6.70002e-230
0	483	7.72029e-231
0	484	8.87679e-232
0	485	1.01846e-232
0	486	1.16601e-233
0	487	1.33207e-234
0	488	1.51854e-235
0	489	1.72742e-236
0	490	1.96085e-237
0	491	2.2211e-238
0	492	2.51055e-239
0	493	2.83171e-240
0	494	3.18721e-241
0	495	3.57978e-242
0	496	4.01222e-243
0	497	4.48679e-244
0	498	4.94648e-245
0	499	0
1	0	0
1	1	-0.303179
1	2	11.4682
1	3	-0.383122
1	4	10.0626
1	5	-0.394582
1	6	28.8395
1	7	-0.596145
1	8	-0.608938
1	9	-0.607469
1	10	-0.605763
1	11	-0.604872
1	12	-0.604605
1	13	-0.604855
1	14	-0.605737
1	15	-0.607443
1	16	-0.608892
1	17	-0.59587
1	18	28.7966
1	19	5.82233
1	20	-0.441273
1	21	6.45415
1	22	3.59559
1	23	1.82827
1	24	3.67895
1	25	3.6463
1	26	3.27677
1	27	3.18462
1	28	3.2091
1	29	3.21228
1	30	3.15746
1	31	3.05148
1	32	2.90709
1	33	2.73777
1	34	2.55991
1	35	2.39184
1	36	2.25003
1	37	2.14556
1	38	2.08311
1	39	2.06194
1	40	2.07771
1	41	2.12417
1	42	2.19464
1	43	2.28298
1	44	2.38411
1	45	2.49418
1	46	2.6103
1	47	2.73036
1	48	2.85272
1	49	2.97601
1	50	3.09897
1	51	3.22028
1	52	3.33838
1	53	3.45129
1	54	3.55635
1	55	3.64976
1	56	3.72612
1	57	3.77769
1	58	3.79371
1	59	3.7602
1	60	3.66119
1	61	3.483
1	62	3.2223
1	63	2.89495
1	64	2.53758
1	65	2.19604
1	66	1.90728
1	67	1.68882
1	68	1.54096
1	69	1.45483
1	70	1.41889
1	71	1.42175
1	72	1.45326
1	73	1.505
1	74	1.57064
1	75	1.64576
1	76	1.72746
1	77	1.81392
1	78	1.90395
1	79	1.99683
1	80	2.09205
1	81	2.18927
1	82	2.28825
1	83	2.3888
1	84	2.49077
1	85	2.59404
1	86	2.6985
1	87	2.80405
1	88	2.9106
1	89	3.01805
1	90	3.1263
1	91	3.23524
1	92	3.34473
1	93	3.4546
1	94	3.56463
1	95	3.67452
1	96	3.78381
1	97	3.89184
1	98	3.9976
1	99	4.0995
1	100	4.195
1	101	4.27999
1	102	4.3478
1	103	4.3877
1	104	4.38285
1	105	4.30852
1	106	4.13294
1	107	3.82599
1	108	3.38034
1	109	2.83581
1	110	2.27729
1	111	1.79173
1	112	1.42429
1	113	1.17423
1	114	1.01821
1	115	0.931452
1	116	0.895676
1	117	0.897872
1	118	0.927468
1	119	0.975681
1	120	1.03598
1	121	1.10411
1	122	1.17754
1	123	1.25486
1	124	1.33527
1	125	1.4183
1	126	1.50367
1	127	1.59117
1	128	1.68066
1	129	1.77201
1	130	1.86513
1	131	1.95992
1	132	2.05629
1	133	2.15416
1	134	2.25346
1	135	2.35413
1	136	2.45609
1	137	2.55929
1	138	2.66367
1	139	2.76916
1	140	2.87573
1	141	2.98332
1	142	3.09188
1	143	3.20137
1	144	3.31175
1	145	3.42298
1	146	3.53501
1	147	3.64781
1	148	3.76135
1	149	3.87557
1	150	3.99045
1	151	4.10592
1	152	4.22192
1	153	4.33837
1	154	4.45515
1	155	4.57204
1	156	4.68869
1	157	4.8045
1	158	4.91831
1	159	5.02799
1	160	5.12939
1	161	5.2144
1	162	5.26714
1	163	5.25696
1	164	5.1284
1	165	4.79536
1	166	4.16926
1	167	3.25788
1	168	2.25499
1	169	1.41707
1	170	0.849962
1	171	0.511156
1	172	0.322407
1	173	0.222891
1	174	0.171815
1	175	0.140576
1	176	0.1107
1	177	0.0771624
1	178	0.0459336
1	179	0.0234872
1	180	0.0105927
1	181	0.00434217
1	182	0.00165936
1	183	0.000602353
1	184	0.000210424
1	185	7.13713e-05
1	186	2.36462e-05
1	187	7.68469e-06
1	188	2.45706e-06
1	189	7.74588e-07
1	190	2.41157e-07
1	191	7.42415e-08
1	192	2.26222e-08
1	193	6.82821e-09
1	194	2.04285e-09
1	195	6.0611e-10
1	196	1.7842e-10
1	197	5.21277e-11
1	198	1.51206e-11
1	199	4.3557e-12
1	200	1.24635e-12
1	201	3.54327e-13
1	202	1.00099e-13
1	203	2.81051e-14
1	204	7.84396e-15
1	205	2.17638e-15
1	206	6.00394e-16
1	207	1.64696e-16
1	208	4.49284e-17
1	209	1.21895e-17
1	210	3.28937e-18
1	211	8.82949e-19
1	212	2.35768e-19
1	213	6.2631e-20
1	214	1.65529e-20
1	215	4.35276e-21
1	216	1.1389e-21
1	217	2.96521e-22
1	218	7.68241e-23
1	219	1.98076e-23
1	220	5.08246e-24
1	221	1.29791e-24
1	222	3.29884e-25
1	223	8.34523e-26
1	224	2.10132e-26
1	225	5.26666e-27
1	226	1.31397e-27
1	227	3.26328e-28
1	228	8.06782e-29
1	229	1.98565e-29
1	230	4.86529e-30
1	231	1.18682e-30
1	232	2.88231e-31
1	233	6.96931e-32
1	234	1.67781e-32
1	235	4.02172e-33
1	236	9.59853e-34
1	237	2.28104e-34
1	238	5.39767e-35
1	239	1.27185e-35
1	240	2.9842e-36
1	241	6.97258e-37
1	242	1.62234e-37
1	243	3.7591e-38
1	244	8.6741e-39
1	245	1.99331e-39
1	246	4.56185e-40
1	247	1.03976e-40
1	248	2.36026e-41
1	249	5.33615e-42
1	250	1.20156e-42
1	251	2.69476e-43
1	252	6.01949e-44
1	253	1.33928e-44
1	254	2.96799e-45
1	255	6.55149e-46
1	256	1.4405e-46
1	257	3.1549e-47
1	258	6.88282e-48
1	259	1.49576e-48
1	260	3.23803e-49
1	261	6.98275e-50
1	262	1.50006e-50
1	263	3.21019e-51
1	264	6.84387e-52
1	265	1.45354e-52
1	266	3.07548e-53
1	267	6.48286e-54
1	268	1.36142e-54
1	269	2.84838e-55
1	270	5.93731e-56
1	271	1.23303e-56
1	272	2.55124e-57
1	273	5.25938e-58
1	274	1.08025e-58
1	275	2.21071e-59
1	276	4.50774e-60
1	277	9.15823e-61
1	278	1.85394e-61
1	279	3.73953e-62
1	280	7.51591e-63
1	281	1.5052e-63
1	282	3.00372e-64
1	283	5.97287e-65
1	284	1.18351e-65
1	285	2.33684e-66
1	286	4.59792e-67
1	287	9.01517e-68
1	288	1.76145e-68
1	289	3.42971e-69
1	290	6.65486e-70
1	291	1.28683e-70
1	292	2.47974e-71
1	293	4.76214e-72
1	294	9.11409e-73
1	295	1.73837e-73
1	296	3.30444e-74
1	297	6.2601e-75
1	298	1.18195e-75
1	299	2.2241e-76
1	300	4.17113e-77
1	301	7.79651e-78
1	302	1.45244e-78
1	303	2.69684e-79
1	304	4.99083e-80
1	305	9.20568e-81
1	306	1.69242e-81
1	307	3.10126e-82
1	308	5.66429e-83
1	309	1.03118e-83
1	310	1.87118e-84
1	311	3.38444e-85
1	312	6.10175e-86
1	313	1.09654e-86
1	314	1.96425e-87
1	315	3.50734e-88
1	316	6.24272e-89
1	317	1.10761e-89
1	318	1.95894e-90
1	319	3.45368e-91
1	320	6.06976e-92
1	321	1.0634e-92
1	322	1.85719e-93
1	323	3.2334e-94
1	324	5.61187e-95
1	325	9.70969e-96
1	326	1.67478e-96
1	327	2.87982e-97
1	328	4.93668e-98
1	329	8.43664e-99
1	330	1.43738e-99
1	331	2.44146e-100
1	332	4.13429e-101
1	333	6.97964e-102
1	334	1.17476e-102
1	335	1.9713e-103
1	336	3.29797e-104
1	337	5.50092e-105
1	338	9.14793e-106
1	339	1.51674e-106
1	340	2.5073e-107
1	341	4.13248e-108
1	342	6.79089e-109
1	343	1.11265e-109
1	344	1.81765e-110
1	345	2.96064e-111
1	346	4.80825e-112
1	347	7.78608e-113
1	348	1.25714e-113
1	349	2.02388e-114
1	350	3.24882e-115
1	351	5.20009e-116
1	352	8.29932e-117
1	353	1.32076e-117
1	354	2.09584e-118
1	355	3.31627e-119
1	356	5.23241e-120
1	357	8.23221e-121
1	358	1.29151e-121
1	359	2.02045e-122
1	360	3.15189e-123
1	361	4.90308e-124
1	362	7.60584e-125
1	363	1.17654e-125
1	364	1.8149e-126
1	365	2.79181e-127
1	366	4.28264e-128
1	367	6.55135e-129
1	368	9.99419e-130
1	369	1.52043e-130
1	370	2.30668e-131
1	371	3.48991e-132
1	372	5.26564e-133
1	373	7.92321e-134
1	374	1.18896e-134
1	375	1.7793e-135
1	376	2.65555e-136
1	377	3.9526e-137
1	378	5.86731e-138
1	379	8.6861e-139
1	380	1.28246e-139
1	381	1.88841e-140
1	382	2.77326e-141
1	383	4.06185e-142
1	384	5.93337e-143
1	385	8.64422e-144
1	386	1.25603e-144
1	387	1.82023e-145
1	388	2.63092e-146
1	389	3.79269e-147
1	390	5.45314e-148
1	391	7.82005e-149
1	392	1.1185e-149
1	393	1.59564e-150
1	394	2.2704e-151
1	395	3.22214e-152
1	396	4.56103e-153
1	397	6.43962e-154
1	398	9.06857e-155
1	399	1.2738e-155
1	400	1.78464e-156
1	401	2.49397e-157
1	402	3.47633e-158
1	403	4.83333e-159
1	404	6.70299e-160
1	405	9.27235e-161
1	406	1.27942e-161
1	407	1.76092e-162
1	408	2.41755e-163
1	409	3.31069e-164
1	410	4.52245e-165
1	411	6.1623e-166
1	412	8.37585e-167
1	413	1.13562e-167
1	414	1.53589e-168
1	415	2.07209e-169
1	416	2.7886e-170
1	417	3.74361e-171
1	418	5.01332e-172
1	419	6.69721e-173
1	420	8.92478e-174
1	421	1.18642e-174
1	422	1.57333e-175
1	423	2.08135e-176
1	424	2.74671e-177
1	425	3.616e-178
1	426	4.7489e-179
1	427	6.2217e-180
1	428	8.13165e-181
1	429	1.06024e-181
1	430	1.37907e-182
1	431	1.7895e-183
1	432	2.31653e-184
1	433	2.99163e-185
1	434	3.8543e-186
1	435	4.95396e-187
1	436	6.35229e-188
1	437	8.12608e-189
1	438	1.03707e-189
1	439	1.32042e-190
1	440	1.67724e-191
1	441	2.1255e-192
1	442	2.68726e-193
1	443	3.38956e-194
1	444	4.26547e-195
1	445	5.35525e-196
1	446	6.70787e-197
1	447	8.38269e-198
1	448	1.04515e-198
1	449	1.30008e-199
1	450	1.61349e-200
1	451	1.99784e-201
1	452	2.46809e-202
1	453	3.04205e-203
1	454	3.74093e-204
1	455	4.58991e-205
1	456	5.61875e-206
1	457	6.86262e-207
1	458	8.36288e-208
1	459	1.01681e-208
1	460	1.23351e-209
1	461	1.49303e-210
1	462	1.80309e-211
1	463	2.17266e-212
1	464	2.61212e-213
1	465	3.13346e-214
1	466	3.75048e-215
1	467	4.47901e-216
1	468	5.33718e-217
1	469	6.34568e-218
1	470	7.52807e-219
1	471	8.91105e-220
1	472	1.05249e-220
1	473	1.24036e-221
1	474	1.45856e-222
1	475	1.7114e-223
1	476	2.00366e-224
1	477	2.34072e-225
1	478	2.72853e-226
1	479	3.17367e-227
1	480	3.68341e-228
1	481	4.26578e-229
1	482	4.92953e-230
1	483	5.68427e-231
1	484	6.54044e-232
1	485	7.50938e-233
1	486	8.60337e-234
1	487	9.83561e-235
1	488	1.12203e-235
1	489	1.27726e-236
1	490	1.45087e-237
1	491	1.64456e-238
1	492	1.86016e-239
1	493	2.09957e-240
1	494	2.36477e-241
1	495	2.65785e-242
1	496	2.98094e-243
1	497	3.33578e-244
1	498	3.67996e-245
1	499	0
