2	350
0	0	0
0	1	0.114304
0	2	0.0402935
0	3	0.0249844
0	4	0.0130226
0	5	0.01751
0	6	0.0529159
0	7	0.602158
0	8	0.868671
0	9	0.990506
0	10	1.04479
0	11	1.06748
0	12	1.07381
0	13	1.06805
0	14	1.04631
0	15	0.993955
0	16	0.876192
0	17	0.618029
0	18	0.0827804
0	19	0.0154746
0	20	0.00488132
0	21	0.00190153
0	22	0.00125993
0	23	0.00157896
0	24	0.00259746
0	25	0.00461441
0	26	0.00848683
0	27	0.0160392
0	28	0.031049
0	29	0.0612817
0	30	0.122269
0	31	0.242634
0	32	0.46493
0	33	0.820854
0	34	1.26646
0	35	1.66502
0	36	1.90434
0	37	1.97328
0	38	1.90623
0	39	1.72599
0	40	1.44188
0	41	1.07897
0	42	0.701106
0	43	0.388992
0	44	0.185365
0	45	0.0775829
0	46	0.0292874
0	47	0.0102006
0	48	0.00333318
0	49	0.00103373
0	50	0.000306687
0	51	8.75169e-05
0	52	2.41148e-05
0	53	6.43451e-06
0	54	1.66624e-06
0	55	4.19473e-07
0	56	1.02807e-07
0	57	2.45586e-08
0	58	5.72374e-09
0	59	1.30265e-09
0	60	2.89717e-10
0	61	6.3011e-11
0	62	1.34098e-11
0	63	2.79403e-12
0	64	5.70253e-13
0	65	1.14061e-13
0	66	2.23684e-14
0	67	4.30265e-15
0	68	8.12108e-16
0	69	1.50462e-16
0	70	2.73732e-17
0	71	4.89164e-18
0	72	8.58918e-19
0	73	1.48234e-19
0	74	2.51517e-20
0	75	4.19693e-21
0	76	6.88901e-22
0	77	1.11263e-22
0	78	1.76859e-23
0	79	2.76746e-24
0	80	4.26401e-25
0	81	6.4704e-26
0	82	9.67197e-27
0	83	1.42449e-27
0	84	2.06752e-28
0	85	2.95783e-29
0	86	4.17166e-30
0	87	5.80149e-31
0	88	7.95682e-32
0	89	1.07643e-32
0	90	1.43664e-33
0	91	1.89191e-34
0	92	2.45873e-35
0	93	3.15388e-36
0	94	3.99364e-37
0	95	4.99282e-38
0	96	6.16364e-39
0	97	7.51455e-40
0	98	9.04904e-41
0	99	1.07645e-41
0	100	1.26511e-42
0	101	1.46914e-43
0	102	1.68598e-44
0	103	1.91226e-45
0	104	2.14385e-46
0	105	2.37601e-47
0	106	2.60348e-48
0	107	2.82071e-49
0	108	3.02209e-50
0	109	3.20218e-51
0	110	3.35596e-52
0	111	3.47907e-53
0	112	3.56802e-54
0	113	3.62034e-55
0	114	3.63471e-56
0	115	3.61099e-57
0	116	3.55024e-58
0	117	3.45462e-59
0	118	3.32729e-60
0	119	3.17223e-61
0	120	2.99404e-62
0	121	2.79771e-63
0	122	2.58842e-64
0	123	2.37128e-65
0	124	2.15121e-66
0	125	1.93269e-67
0	126	1.71971e-68
0	127	1.51561e-69
0	128	1.3231e-70
0	129	1.14418e-71
0	130	9.80226e-73
0	131	8.31978e-74
0	132	6.99647e-75
0	133	5.8298e-76
0	134	4.81351e-77
0	135	3.93848e-78
0	136	3.19358e-79
0	137	2.56647e-80
0	138	2.0442e-81
0	139	1.61386e-82
0	140	1.26295e-83
0	141	9.79727e-85
0	142	7.53433e-86
0	143	5.74415e-87
0	144	4.3418e-88
0	145	3.25385e-89
0	146	2.41784e-90
0	147	1.78148e-91
0	148	1.3016e-92
0	149	9.43048e-94
0	150	6.77593e-95
0	151	4.82838e-96
0	152	3.41231e-97
0	153	2.39182e-98
0	154	1.66286e-99
0	155	1.1467e-100
0	156	7.84374e-102
0	157	5.32225e-103
0	158	3.58245e-104
0	159	2.39217e-105
0	160	1.5847e-106
0	161	1.0415e-107
0	162	6.79117e-109
0	163	4.39353e-110
0	164	2.82021e-111
0	165	1.79623e-112
0	166	1.13519e-113
0	167	7.11886e-115
0	168	4.43e-116
0	169	2.73564e-117
0	170	1.67645e-118
0	171	1.01954e-119
0	172	6.15343e-121
0	173	3.68585e-122
0	174	2.19117e-123
0	175	1.29284e-124
0	176	7.57098e-126
0	177	4.40057e-127
0	178	2.53878e-128
0	179	1.45382e-129
0	180	8.26367e-131
0	181	4.66254e-132
0	182	2.61137e-133
0	183	1.45183e-134
0	184	8.0127e-136
0	185	4.38997e-137
0	186	2.38766e-138
0	187	1.2892e-139
0	188	6.91049e-141
0	189	3.67747e-142
0	190	1.94288e-143
0	191	1.01908e-144
0	192	5.30691e-146
0	193	2.74379e-147
0	194	1.40846e-148
0	195	7.17837e-150
0	196	3.63247e-151
0	197	1.82507e-152
0	198	9.10458e-154
0	199	4.50975e-155
0	200	2.21799e-156
0	201	1.08315e-157
0	202	5.25216e-159
0	203	2.52882e-160
0	204	1.20901e-161
0	205	5.73958e-163
0	206	2.70564e-164
0	207	1.26649e-165
0	208	5.88685e-167
0	209	2.71715e-168
0	210	1.24536e-169
0	211	5.66806e-171
0	212	2.56172e-172
0	213	1.14971e-173
0	214	5.12398e-175
0	215	2.26773e-176
0	216	9.96649e-178
0	217	4.34971e-179
0	218	1.88516e-180
0	219	8.11345e-182
0	220	3.46765e-183
0	221	1.47176e-184
0	222	6.20312e-186
0	223	2.59632e-187
0	224	1.07914e-188
0	225	4.45424e-190
0	226	1.82575e-191
0	227	7.43161e-193
0	228	3.00398e-194
0	229	1.20582e-195
0	230	4.80662e-197
0	231	1.90268e-198
0	232	7.47932e-200
0	233	2.91961e-201
0	234	1.13176e-202
0	235	4.35659e-204
0	236	1.66533e-205
0	237	6.32141e-207
0	238	2.38279e-208
0	239	8.91888e-210
0	240	3.31503e-211
0	241	1.22353e-212
0	242	4.48419e-214
0	243	1.63192e-215
0	244	5.89725e-217
0	245	2.1161e-218
0	246	7.53967e-220
0	247	2.66745e-221
0	248	9.37045e-223
0	249	3.26846e-224
0	250	1.13198e-225
0	251	3.89259e-227
0	252	1.32905e-228
0	253	4.5055e-230
0	254	1.51647e-231
0	255	5.06768e-233
0	256	1.68137e-234
0	257	5.53847e-236
0	258	1.81126e-237
0	259	5.88073e-239
0	260	1.89554e-240
0	261	6.06567e-242
0	262	1.92691e-243
0	263	6.07676e-245
0	264	1.90241e-246
0	265	5.91217e-248
0	266	1.82387e-249
0	267	5.58516e-251
0	268	1.69771e-252
0	269	5.12232e-254
0	270	1.53404e-255
0	271	4.55998e-257
0	272	1.34535e-258
0	273	3.93953e-260
0	274	1.14493e-261
0	275	3.30238e-263
0	276	9.45317e-265
0	277	2.68546e-266
0	278	7.57075e-268
0	279	2.118e-269
0	280	5.87986e-271
0	281	1.61975e-272
0	282	4.4275e-274
0	283	1.20083e-275
0	284	3.23152e-277
0	285	8.62815e-279
0	286	2.28559e-280
0	287	6.00671e-282
0	288	1.56608e-283
0	289	4.05059e-285
0	290	1.03928e-286
0	291	2.64506e-288
0	292	6.67753e-290
0	293	1.67207e-291
0	294	4.15272e-293
0	295	1.0229e-294
0	296	2.49883e-296
0	297	6.05374e-298
0	298	1.45438e-299
0	299	3.46476e-301
0	300	8.18455e-303
0	301	1.91699e-304
0	302	4.45169e-306
0	303	1.02492e-307
0	304	2.33933e-309
0	305	5.29307e-311
0	306	1.18717e-312
0	307	2.63928e-314
0	308	5.81566e-316
0	309	1.27007e-317
0	310	2.74878e-319
0	311	5.88926e-321
0	312	1.18576e-322
0	313	0
0	314	0
0	315	0
0	316	0
0	317	0
0	318	0
0	319	0
0	320	0
0	321	0
0	322	0
0	323	0
0	324	0
0	325	0
0	326	0
0	327	0
0	328	0
0	329	0
0	330	0
0	331	0
0	332	0
0	333	0
0	334	0
0	335	0
0	336	0
0	337	0
0	338	0
0	339	0
0	340	0
0	341	0
0	342	0
0	343	0
0	344	0
0	345	0
0	346	0
0	347	0
0	348	0
0	349	0
1	0	0
1	1	-0.352511
1	2	4.23044
1	3	2.73241
1	4	3.93721
1	5	4.61012
1	6	12.7427
1	7	-0.597845
1	8	-0.60903
1	9	-0.607418
1	10	-0.605719
1	11	-0.604847
1	12	-0.60459
1	13	-0.604837
1	14	-0.6057
1	15	-0.607415
1	16	-0.60924
1	17	-0.599943
1	18	8.67001
1	19	6.67563
1	20	4.49042
1	21	4.38241
1	22	4.54639
1	23	4.68845
1	24	4.81429
1	25	4.93685
1	26	5.05464
1	27	5.16116
1	28	5.24477
1	29	5.28266
1	30	5.23041
1	31	5.00964
1	32	4.5135
1	33	3.68127
1	34	2.63945
1	35	1.68125
1	36	1.00095
1	37	0.590451
1	38	0.36344
1	39	0.245292
1	40	0.185834
1	41	0.150521
1	42	0.117232
1	43	0.0800358
1	44	0.0460305
1	45	0.0224244
1	46	0.00950778
1	47	0.00361567
1	48	0.00126414
1	49	0.000413678
1	50	0.000128268
1	51	3.79987e-05
1	52	1.08169e-05
1	53	2.97092e-06
1	54	7.89647e-07
1	55	2.03575e-07
1	56	5.09975e-08
1	57	1.24321e-08
1	58	2.95286e-09
1	59	6.84061e-10
1	60	1.54701e-10
1	61	3.41805e-11
1	62	7.3835e-12
1	63	1.56034e-12
1	64	3.22778e-13
1	65	6.53953e-14
1	66	1.29826e-14
1	67	2.52665e-15
1	68	4.82268e-16
1	69	9.03157e-17
1	70	1.66011e-17
1	71	2.99614e-18
1	72	5.31117e-19
1	73	9.25041e-20
1	74	1.58347e-20
1	75	2.6648e-21
1	76	4.41011e-22
1	77	7.1793e-23
1	78	1.14994e-23
1	79	1.81276e-24
1	80	2.81307e-25
1	81	4.29832e-26
1	82	6.46833e-27
1	83	9.58859e-28
1	84	1.40049e-28
1	85	2.01582e-29
1	86	2.85997e-30
1	87	4.00027e-31
1	88	5.51716e-32
1	89	7.50445e-33
1	90	1.00687e-33
1	91	1.33277e-34
1	92	1.74074e-35
1	93	2.24378e-36
1	94	2.85469e-37
1	95	3.58541e-38
1	96	4.44612e-39
1	97	5.4444e-40
1	98	6.58422e-41
1	99	7.86509e-42
1	100	9.28122e-43
1	101	1.08209e-43
1	102	1.24663e-44
1	103	1.4193e-45
1	104	1.59709e-46
1	105	1.77644e-47
1	106	1.9534e-48
1	107	2.12371e-49
1	108	2.28303e-50
1	109	2.42709e-51
1	110	2.5519e-52
1	111	2.65391e-53
1	112	2.73021e-54
1	113	2.77868e-55
1	114	2.79801e-56
1	115	2.78787e-57
1	116	2.74881e-58
1	117	2.68228e-59
1	118	2.59052e-60
1	119	2.47646e-61
1	120	2.34354e-62
1	121	2.19555e-63
1	122	2.03647e-64
1	123	1.87031e-65
1	124	1.70089e-66
1	125	1.5318e-67
1	126	1.36622e-68
1	127	1.20688e-69
1	128	1.05599e-70
1	129	9.15241e-72
1	130	7.85821e-73
1	131	6.68421e-74
1	132	5.63303e-75
1	133	4.70356e-76
1	134	3.89161e-77
1	135	3.19063e-78
1	136	2.59234e-79
1	137	2.08738e-80
1	138	1.66583e-81
1	139	1.31764e-82
1	140	1.03307e-83
1	141	8.02878e-85
1	142	6.18554e-86
1	143	4.72427e-87
1	144	3.57721e-88
1	145	2.6855e-89
1	146	1.99893e-90
1	147	1.47531e-91
1	148	1.07969e-92
1	149	7.83552e-94
1	150	5.63903e-95
1	151	4.02465e-96
1	152	2.84877e-97
1	153	1.9999e-98
1	154	1.39251e-99
1	155	9.61716e-101
1	156	6.58821e-102
1	157	4.47689e-103
1	158	3.01779e-104
1	159	2.01801e-105
1	160	1.33872e-106
1	161	8.81065e-108
1	162	5.75293e-109
1	163	3.7269e-110
1	164	2.39551e-111
1	165	1.52776e-112
1	166	9.6678e-114
1	167	6.07061e-115
1	168	3.78251e-116
1	169	2.33875e-117
1	170	1.43501e-118
1	171	8.73788e-120
1	172	5.28017e-121
1	173	3.16658e-122
1	174	1.88472e-123
1	175	1.11334e-124
1	176	6.5274e-126
1	177	3.79837e-127
1	178	2.19386e-128
1	179	1.25771e-129
1	180	7.15696e-131
1	181	4.04257e-132
1	182	2.26661e-133
1	183	1.26152e-134
1	184	6.96979e-136
1	185	3.82262e-137
1	186	2.08126e-138
1	187	1.12492e-139
1	188	6.03612e-141
1	189	3.21543e-142
1	190	1.70049e-143
1	191	8.92827e-145
1	192	4.65402e-146
1	193	2.40858e-147
1	194	1.23758e-148
1	195	6.31351e-150
1	196	3.19786e-151
1	197	1.60821e-152
1	198	8.03026e-154
1	199	3.98128e-155
1	200	1.95987e-156
1	201	9.57959e-158
1	202	4.64931e-159
1	203	2.24055e-160
1	204	1.07214e-161
1	205	5.09424e-163
1	206	2.40351e-164
1	207	1.12603e-165
1	208	5.23843e-167
1	209	2.4199e-168
1	210	1.11006e-169
1	211	5.05643e-171
1	212	2.28717e-172
1	213	1.02733e-173
1	214	4.58228e-175
1	215	2.02962e-176
1	216	8.92714e-178
1	217	3.89919e-179
1	218	1.69123e-180
1	219	7.28448e-182
1	220	3.11576e-183
1	221	1.32342e-184
1	222	5.58217e-186
1	223	2.33819e-187
1	224	9.72582e-189
1	225	4.01739e-190
1	226	1.64791e-191
1	227	6.71264e-193
1	228	2.71534e-194
1	229	1.09075e-195
1	230	4.35104e-197
1	231	1.72357e-198
1	232	6.78006e-200
1	233	2.64851e-201
1	234	1.02739e-202
1	235	3.95757e-204
1	236	1.51385e-205
1	237	5.75034e-207
1	238	2.169e-208
1	239	8.12417e-210
1	240	3.02167e-211
1	241	1.116e-212
1	242	4.09282e-214
1	243	1.49047e-215
1	244	5.38963e-217
1	245	1.93521e-218
1	246	6.89963e-220
1	247	2.44258e-221
1	248	8.586e-223
1	249	2.99674e-224
1	250	1.03853e-225
1	251	3.5735e-227
1	252	1.22087e-228
1	253	4.14132e-230
1	254	1.39475e-231
1	255	4.6638e-233
1	256	1.54832e-234
1	257	5.10329e-236
1	258	1.66995e-237
1	259	5.4252e-239
1	260	1.74975e-240
1	261	5.60249e-242
1	262	1.78082e-243
1	263	5.61936e-245
1	264	1.76024e-246
1	265	5.47355e-248
1	266	1.68954e-249
1	267	5.1768e-251
1	268	1.57448e-252
1	269	4.75324e-254
1	270	1.42432e-255
1	271	4.23623e-257
1	272	1.25054e-258
1	273	3.66396e-260
1	274	1.06543e-261
1	275	3.0748e-263
1	276	8.80658e-265
1	277	2.50316e-266
1	278	7.06069e-268
1	279	1.97639e-269
1	280	5.48971e-271
1	281	1.5131e-272
1	282	4.1382e-274
1	283	1.12297e-275
1	284	3.02361e-277
1	285	8.07733e-279
1	286	2.14082e-280
1	287	5.62921e-282
1	288	1.46844e-283
1	289	3.80003e-285
1	290	9.75499e-287
1	291	2.48404e-288
1	292	6.27428e-290
1	293	1.57191e-291
1	294	3.90598e-293
1	295	9.62618e-295
1	296	2.35277e-296
1	297	5.70283e-298
1	298	1.37077e-299
1	299	3.26725e-301
1	300	7.72188e-303
1	301	1.80953e-304
1	302	4.20427e-306
1	303	9.68443e-308
1	304	2.21153e-309
1	305	5.00641e-311
1	306	1.12344e-312
1	307	2.49883e-314
1	308	5.50889e-316
1	309	1.20367e-317
1	310	2.60625e-319
1	311	5.58788e-321
1	312	1.13635e-322
1	313	0
1	314	0
1	315	0
1	316	0
1	317	0
1	318	0
1	319	0
1	320	0
1	321	0
1	322	0
1	323	0
1	324	0
1	325	0
1	326	0
1	327	0
1	328	0
1	329	0
1	330	0
1	331	0
1	332	0
1	333	0
1	334	0
1	335	0
1	336	0
1	337	0
1	338	0
1	339	0
1	340	0
1	341	0
1	342	0
1	343	0
1	344	0
1	345	0
1	346	0
1	347	0
1	348	0
1	349	0
