2	350
0	0	0
0	1	0.0860827
0	2	0.0191324
0	3	0.115546
0	4	0.0188913
0	5	0.117135
0	6	0.12908
0	7	0.582799
0	8	0.861089
0	9	0.986919
0	10	1.04306
0	11	1.0665
0	12	1.07291
0	13	1.06658
0	14	1.04322
0	15	0.987175
0	16	0.861416
0	17	0.586723
0	18	0.0237448
0	19	0.056691
0	20	0.170025
0	21	0.0325074
0	22	0.0475648
0	23	0.153206
0	24	0.0243445
0	25	0.0595214
0	26	0.18259
0	27	0.0438669
0	28	0.0809109
0	29	0.12236
0	30	0.113634
0	31	0.101367
0	32	0.10237
0	33	0.109569
0	34	0.117349
0	35	0.124559
0	36	0.131547
0	37	0.138212
0	38	0.143868
0	39	0.147677
0	40	0.148969
0	41	0.147399
0	42	0.142992
0	43	0.13613
0	44	0.127473
0	45	0.117823
0	46	0.107982
0	47	0.0986319
0	48	0.0902778
0	49	0.0832371
0	50	0.0776748
0	51	0.0736538
0	52	0.0711852
0	53	0.0702707
0	54	0.0709323
0	55	0.0732313
0	56	0.0772785
0	57	0.0832331
0	58	0.0912913
0	59	0.101656
0	60	0.114479
0	61	0.129775
0	62	0.147289
0	63	0.166353
0	64	0.185756
0	65	0.203726
0	66	0.21809
0	67	0.226679
0	68	0.227873
0	69	0.221116
0	70	0.20714
0	71	0.187781
0	72	0.165454
0	73	0.142537
0	74	0.120899
0	75	0.101706
0	76	0.0854602
0	77	0.0721836
0	78	0.0616177
0	79	0.0533873
0	80	0.0471054
0	81	0.0424283
0	82	0.0390775
0	83	0.0368436
0	84	0.035583
0	85	0.0352113
0	86	0.0356995
0	87	0.0370721
0	88	0.0394081
0	89	0.0428464
0	90	0.0475934
0	91	0.0539325
0	92	0.0622339
0	93	0.0729576
0	94	0.0866417
0	95	0.103859
0	96	0.125119
0	97	0.150687
0	98	0.180314
0	99	0.212891
0	100	0.246153
0	101	0.276634
0	102	0.300087
0	103	0.312452
0	104	0.311098
0	105	0.295792
0	106	0.268871
0	107	0.234504
0	108	0.197397
0	109	0.161575
0	110	0.129699
0	111	0.102988
0	112	0.0815619
0	113	0.0648896
0	114	0.0521766
0	115	0.0426077
0	116	0.0354674
0	117	0.0301792
0	118	0.0263029
0	119	0.0235148
0	120	0.0215846
0	121	0.0203556
0	122	0.0197291
0	123	0.0196547
0	124	0.0201246
0	125	0.0211727
0	126	0.0228784
0	127	0.0253752
0	128	0.0288645
0	129	0.0336369
0	130	0.0401011
0	131	0.048819
0	132	0.0605462
0	133	0.0762628
0	134	0.0971692
0	135	0.124592
0	136	0.159714
0	137	0.203027
0	138	0.253465
0	139	0.307432
0	140	0.358286
0	141	0.397136
0	142	0.415326
0	143	0.407777
0	144	0.375344
0	145	0.324645
0	146	0.265421
0	147	0.207003
0	148	0.155782
0	149	0.114552
0	150	0.0833193
0	151	0.0606006
0	152	0.0444719
0	153	0.0331567
0	154	0.0252427
0	155	0.019694
0	156	0.0157845
0	157	0.013018
0	158	0.0110596
0	159	0.00968518
0	160	0.00874623
0	161	0.00814628
0	162	0.007826
0	163	0.00775407
0	164	0.00792235
0	165	0.00834454
0	166	0.00905793
0	167	0.0101286
0	168	0.0116612
0	169	0.0138144
0	170	0.0168254
0	171	0.0210478
0	172	0.0270077
0	173	0.0354861
0	174	0.0476322
0	175	0.0651069
0	176	0.0902214
0	177	0.125972
0	178	0.175735
0	179	0.242203
0	180	0.325151
0	181	0.418264
0	182	0.506975
0	183	0.570654
0	184	0.590442
0	185	0.558665
0	186	0.483189
0	187	0.383657
0	188	0.282294
0	189	0.19525
0	190	0.129203
0	191	0.0833268
0	192	0.0532708
0	193	0.0342295
0	194	0.0223352
0	195	0.0149051
0	196	0.0102196
0	197	0.00721969
0	198	0.00526422
0	199	0.00396556
0	200	0.00308791
0	201	0.00248614
0	202	0.00206979
0	203	0.00178177
0	204	0.00158585
0	205	0.0014591
0	206	0.00138751
0	207	0.0013634
0	208	0.00138401
0	209	0.00145099
0	210	0.00157065
0	211	0.00175491
0	212	0.00202325
0	213	0.00240609
0	214	0.00295042
0	215	0.00372889
0	216	0.00485505
0	217	0.00650852
0	218	0.00897727
0	219	0.0127289
0	220	0.0185311
0	221	0.0276524
0	222	0.0421888
0	223	0.0655618
0	224	0.10317
0	225	0.162924
0	226	0.254691
0	227	0.386507
0	228	0.555319
0	229	0.735436
0	230	0.878543
0	231	0.935573
0	232	0.884778
0	233	0.742432
0	234	0.553173
0	235	0.36813
0	236	0.22205
0	237	0.124199
0	238	0.0661472
0	239	0.0344045
0	240	0.0178431
0	241	0.0093693
0	242	0.00503171
0	243	0.00278071
0	244	0.00158679
0	245	0.000936667
0	246	0.000572439
0	247	0.000362342
0	248	0.000237578
0	249	0.000161359
0	250	0.000113511
0	251	8.26967e-05
0	252	6.23841e-05
0	253	4.8721e-05
0	254	3.93848e-05
0	255	3.29471e-05
0	256	2.85157e-05
0	257	2.55286e-05
0	258	2.36342e-05
0	259	2.26212e-05
0	260	2.23788e-05
0	261	2.28766e-05
0	262	2.41582e-05
0	263	2.63473e-05
0	264	2.96678e-05
0	265	3.44821e-05
0	266	4.13558e-05
0	267	5.11672e-05
0	268	6.52884e-05
0	269	8.58902e-05
0	270	0.000116463
0	271	0.000162722
0	272	0.000234198
0	273	0.000347113
0	274	0.000529631
0	275	0.000831663
0	276	0.0013435
0	277	0.00223185
0	278	0.00381079
0	279	0.00668333
0	280	0.0120274
0	281	0.0221744
0	282	0.0417671
0	283	0.0799678
0	284	0.154167
0	285	0.294087
0	286	0.538577
0	287	0.905926
0	288	1.33867
0	289	1.70996
0	290	1.92993
0	291	1.99565
0	292	1.93918
0	293	1.78064
0	294	1.52584
0	295	1.18975
0	296	0.820319
0	297	0.49079
0	298	0.25502
0	299	0.11726
0	300	0.0489773
0	301	0.0190448
0	302	0.00702815
0	303	0.00249548
0	304	0.000860651
0	305	0.000290187
0	306	9.60851e-05
0	307	3.13433e-05
0	308	1.00959e-05
0	309	3.2167e-06
0	310	1.01509e-06
0	311	3.17594e-07
0	312	9.85986e-08
0	313	3.03936e-08
0	314	9.30766e-09
0	315	2.83296e-09
0	316	8.5732e-10
0	317	2.5804e-10
0	318	7.72666e-11
0	319	2.30227e-11
0	320	6.82767e-12
0	321	2.01565e-12
0	322	5.9245e-13
0	323	1.73398e-13
0	324	5.05414e-14
0	325	1.46726e-14
0	326	4.24293e-15
0	327	1.22226e-15
0	328	3.50784e-16
0	329	1.00305e-16
0	330	2.85784e-17
0	331	8.11369e-18
0	332	2.29555e-18
0	333	6.47243e-19
0	334	1.81878e-19
0	335	5.09381e-20
0	336	1.42192e-20
0	337	3.95637e-21
0	338	1.09729e-21
0	339	3.03362e-22
0	340	8.36053e-23
0	341	2.29695e-23
0	342	6.29111e-24
0	343	1.7178e-24
0	344	4.67623e-25
0	345	1.26911e-25
0	346	3.43296e-26
0	347	9.21755e-27
0	348	2.31355e-27
0	349	0
1	0	0
1	1	-0.29195
1	2	11.5245
1	3	-0.351703
1	4	13.6267
1	5	-0.365972
1	6	32.3856
1	7	-0.599725
1	8	-0.608773
1	9	-0.60744
1	10	-0.605727
1	11	-0.604841
1	12	-0.604588
1	13	-0.604858
1	14	-0.605754
1	15	-0.607466
1	16	-0.608924
1	17	-0.595973
1	18	28.16
1	19	4.24408
1	20	-0.427391
1	21	7.62537
1	22	4.74655
1	23	-0.406539
1	24	9.70012
1	25	4.30975
1	26	-0.442554
1	27	6.93935
1	28	2.78042
1	29	2.25974
1	30	2.7407
1	31	2.96282
1	32	2.90019
1	33	2.83916
1	34	2.82128
1	35	2.81135
1	36	2.78896
1	37	2.75387
1	38	2.71157
1	39	2.66661
1	40	2.62216
1	41	2.58106
1	42	2.54602
1	43	2.51949
1	44	2.50331
1	45	2.49852
1	46	2.50538
1	47	2.52343
1	48	2.55168
1	49	2.58875
1	50	2.63305
1	51	2.68281
1	52	2.73622
1	53	2.7914
1	54	2.8464
1	55	2.89917
1	56	2.94752
1	57	2.98909
1	58	3.0213
1	59	3.04144
1	60	3.04678
1	61	3.03475
1	62	3.00341
1	63	2.9519
1	64	2.88099
1	65	2.79354
1	66	2.69452
1	67	2.59052
1	68	2.48885
1	69	2.3964
1	70	2.31863
1	71	2.25909
1	72	2.21931
1	73	2.19918
1	74	2.19738
1	75	2.21187
1	76	2.2403
1	77	2.28034
1	78	2.32981
1	79	2.38682
1	80	2.44974
1	81	2.51721
1	82	2.58804
1	83	2.66124
1	84	2.73589
1	85	2.81113
1	86	2.8861
1	87	2.95988
1	88	3.03146
1	89	3.09963
1	90	3.16299
1	91	3.21979
1	92	3.26791
1	93	3.30478
1	94	3.32733
1	95	3.33203
1	96	3.31513
1	97	3.27302
1	98	3.20302
1	99	3.10429
1	100	2.97894
1	101	2.8326
1	102	2.67426
1	103	2.51493
1	104	2.36564
1	105	2.23546
1	106	2.13033
1	107	2.05289
1	108	2.00303
1	109	1.97877
1	110	1.97707
1	111	1.99452
1	112	2.02773
1	113	2.07367
1	114	2.12974
1	115	2.19384
1	116	2.26424
1	117	2.33963
1	118	2.41893
1	119	2.50128
1	120	2.58599
1	121	2.67243
1	122	2.76005
1	123	2.84831
1	124	2.93665
1	125	3.02445
1	126	3.11098
1	127	3.19534
1	128	3.2764
1	129	3.3527
1	130	3.42229
1	131	3.48263
1	132	3.53034
1	133	3.56106
1	134	3.56931
1	135	3.5486
1	136	3.492
1	137	3.39338
1	138	3.24966
1	139	3.06338
1	140	2.84458
1	141	2.61031
1	142	2.38099
1	143	2.17516
1	144	2.00551
1	145	1.87763
1	146	1.79138
1	147	1.74298
1	148	1.72698
1	149	1.73747
1	150	1.76887
1	151	1.81637
1	152	1.87606
1	153	1.94496
1	154	2.02083
1	155	2.10205
1	156	2.18745
1	157	2.27617
1	158	2.36756
1	159	2.46115
1	160	2.55655
1	161	2.65344
1	162	2.75152
1	163	2.85054
1	164	2.95021
1	165	3.05024
1	166	3.15028
1	167	3.24988
1	168	3.34849
1	169	3.44535
1	170	3.53942
1	171	3.62924
1	172	3.7127
1	173	3.7868
1	174	3.84718
1	175	3.88761
1	176	3.89945
1	177	3.8713
1	178	3.78945
1	179	3.64036
1	180	3.41587
1	181	3.12073
1	182	2.77778
1	183	2.42463
1	184	2.10079
1	185	1.83387
1	186	1.63446
1	187	1.50001
1	188	1.42158
1	189	1.38867
1	190	1.39122
1	191	1.42034
1	192	1.46871
1	193	1.53066
1	194	1.60217
1	195	1.68047
1	196	1.76376
1	197	1.85084
1	198	1.94094
1	199	2.03354
1	200	2.12826
1	201	2.22484
1	202	2.32307
1	203	2.42282
1	204	2.52394
1	205	2.62632
1	206	2.72986
1	207	2.83447
1	208	2.94007
1	209	3.04655
1	210	3.15381
1	211	3.26176
1	212	3.37024
1	213	3.47909
1	214	3.58808
1	215	3.69689
1	216	3.80506
1	217	3.91191
1	218	4.01639
1	219	4.11684
1	220	4.21064
1	221	4.29352
1	222	4.35861
1	223	4.39483
1	224	4.38491
1	225	4.30373
1	226	4.11951
1	227	3.80322
1	228	3.35011
1	229	2.80301
1	230	2.24761
1	231	1.76856
1	232	1.40785
1	233	1.163
1	234	1.01047
1	235	0.925842
1	236	0.891252
1	237	0.893932
1	238	0.923502
1	239	0.971369
1	240	1.03115
1	241	1.09869
1	242	1.1715
1	243	1.24819
1	244	1.32795
1	245	1.41034
1	246	1.49506
1	247	1.58192
1	248	1.67076
1	249	1.76146
1	250	1.85393
1	251	1.94806
1	252	2.04378
1	253	2.141
1	254	2.23966
1	255	2.33968
1	256	2.441
1	257	2.54356
1	258	2.6473
1	259	2.75216
1	260	2.8581
1	261	2.96506
1	262	3.07301
1	263	3.18188
1	264	3.29166
1	265	3.40228
1	266	3.51371
1	267	3.62593
1	268	3.73888
1	269	3.85253
1	270	3.96683
1	271	4.08174
1	272	4.19721
1	273	4.31314
1	274	4.42943
1	275	4.5459
1	276	4.66223
1	277	4.77789
1	278	4.8919
1	279	5.00243
1	280	5.10597
1	281	5.19566
1	282	5.25808
1	283	5.26722
1	284	5.17504
1	285	4.90308
1	286	4.35774
1	287	3.51025
1	288	2.50689
1	289	1.61004
1	290	0.973644
1	291	0.583074
1	292	0.361682
1	293	0.243052
1	294	0.18216
1	295	0.147942
1	296	0.119063
1	297	0.0865543
1	298	0.0540787
1	299	0.0289223
1	300	0.0135437
1	301	0.00572382
1	302	0.00224323
1	303	0.000832336
1	304	0.000296698
1	305	0.000102628
1	306	3.46819e-05
1	307	1.15045e-05
1	308	3.7584e-06
1	309	1.21211e-06
1	310	3.86602e-07
1	311	1.2211e-07
1	312	3.82352e-08
1	313	1.18785e-08
1	314	3.66387e-09
1	315	1.12263e-09
1	316	3.41859e-10
1	317	1.035e-10
1	318	3.11642e-11
1	319	9.33497e-12
1	320	2.78238e-12
1	321	8.25383e-13
1	322	2.4373e-13
1	323	7.1655e-14
1	324	2.09763e-14
1	325	6.11518e-15
1	326	1.77557e-15
1	327	5.13522e-16
1	328	1.47948e-16
1	329	4.24648e-17
1	330	1.21436e-17
1	331	3.46015e-18
1	332	9.82423e-19
1	333	2.77961e-19
1	334	7.83743e-20
1	335	2.20237e-20
1	336	6.1681e-21
1	337	1.72178e-21
1	338	4.79054e-22
1	339	1.32859e-22
1	340	3.67289e-23
1	341	1.01217e-23
1	342	2.78059e-24
1	343	7.61507e-25
1	344	2.0791e-25
1	345	5.65902e-26
1	346	1.53516e-26
1	347	4.13344e-27
1	348	1.04e-27
1	349	0
