2	1000
0	0	0
0	1	0.315996
0	2	0.520538
0	3	0.605904
0	4	0.584894
0	5	0.454356
0	6	0.341488
0	7	0.622135
0	8	0.806543
0	9	0.927274
0	10	1.00853
0	11	1.06708
0	12	1.11489
0	13	1.16117
0	14	1.21341
0	15	1.27768
0	16	1.35703
0	17	1.44732
0	18	1.52591
0	19	1.44033
0	20	1.46914
0	21	1.60978
0	22	1.74946
0	23	1.84305
0	24	1.88238
0	25	1.87157
0	26	1.81653
0	27	1.72191
0	28	1.59121
0	29	1.42821
0	30	1.23883
0	31	1.03241
0	32	0.821858
0	33	0.621837
0	34	0.44569
0	35	0.302213
0	36	0.194041
0	37	0.118275
0	38	0.0686891
0	39	0.0381612
0	40	0.0203603
0	41	0.0104686
0	42	0.00520271
0	43	0.00250536
0	44	0.00117133
0	45	0.000532561
0	46	0.000235784
0	47	0.000101763
0	48	4.28545e-05
0	49	1.76226e-05
0	50	7.08115e-06
0	51	2.78198e-06
0	52	1.06917e-06
0	53	4.02151e-07
0	54	1.48104e-07
0	55	5.34255e-08
0	56	1.88841e-08
0	57	6.5427e-09
0	58	2.22264e-09
0	59	7.40563e-10
0	60	2.42081e-10
0	61	7.76573e-11
0	62	2.44533e-11
0	63	7.56019e-12
0	64	2.29546e-12
0	65	6.8461e-13
0	66	2.00608e-13
0	67	5.77658e-14
0	68	1.63493e-14
0	69	4.54894e-15
0	70	1.24447e-15
0	71	3.3481e-16
0	72	8.8597e-17
0	73	2.30631e-17
0	74	5.90689e-18
0	75	1.48869e-18
0	76	3.69247e-19
0	77	9.01468e-20
0	78	2.16651e-20
0	79	5.12625e-21
0	80	1.19431e-21
0	81	2.74004e-22
0	82	6.19111e-23
0	83	1.37782e-23
0	84	3.0204e-24
0	85	6.52271e-25
0	86	1.38776e-25
0	87	2.90911e-26
0	88	6.00889e-27
0	89	1.22305e-27
0	90	2.45324e-28
0	91	4.84956e-29
0	92	9.44836e-30
0	93	1.81435e-30
0	94	3.43412e-31
0	95	6.40701e-32
0	96	1.1783e-32
0	97	2.13612e-33
0	98	3.8175e-34
0	99	6.72546e-35
0	100	1.16805e-35
0	101	1.99985e-36
0	102	3.37547e-37
0	103	5.6166e-38
0	104	9.21317e-39
0	105	1.48984e-39
0	106	2.37495e-40
0	107	3.73204e-41
0	108	5.78101e-42
0	109	8.827e-43
0	110	1.32849e-43
0	111	1.9707e-44
0	112	2.88124e-45
0	113	4.15156e-46
0	114	5.89509e-47
0	115	8.24874e-48
0	116	1.13729e-48
0	117	1.54493e-49
0	118	2.06757e-50
0	119	2.72577e-51
0	120	3.53957e-52
0	121	4.52685e-53
0	122	5.70137e-54
0	123	7.0704e-55
0	124	8.63246e-56
0	125	1.0375e-56
0	126	1.22728e-57
0	127	1.42866e-58
0	128	1.63633e-59
0	129	1.8437e-60
0	130	2.04316e-61
0	131	2.2265e-62
0	132	2.38536e-63
0	133	2.51187e-64
0	134	2.59923e-65
0	135	2.64232e-66
0	136	2.63813e-67
0	137	2.58613e-68
0	138	2.48835e-69
0	139	2.34928e-70
0	140	2.17553e-71
0	141	1.97531e-72
0	142	1.75782e-73
0	143	1.53246e-74
0	144	1.30822e-75
0	145	1.09303e-76
0	146	8.93324e-78
0	147	7.13784e-79
0	148	5.57232e-80
0	149	4.24744e-81
0	150	3.15884e-82
0	151	2.29034e-83
0	152	1.61761e-84
0	153	1.11187e-85
0	154	7.43019e-87
0	155	4.82208e-88
0	156	3.0355e-89
0	157	1.85101e-90
0	158	1.09176e-91
0	159	6.21822e-93
0	160	3.41371e-94
0	161	1.80263e-95
0	162	9.13448e-97
0	163	4.42987e-98
0	164	2.04968e-99
0	165	9.01591e-101
0	166	3.75431e-102
0	167	1.47255e-103
0	168	5.40751e-105
0	169	1.84537e-106
0	170	5.79786e-108
0	171	1.65699e-109
0	172	4.23894e-111
0	173	9.49161e-113
0	174	1.79934e-114
0	175	2.73592e-116
0	176	3.01306e-118
0	177	1.85871e-120
0	178	0
0	179	0
0	180	0
0	181	0
0	182	0
0	183	0
0	184	0
0	185	0
0	186	0
0	187	0
0	188	0
0	189	0
0	190	0
0	191	0
0	192	0
0	193	0
0	194	0
0	195	0
0	196	0
0	197	0
0	198	0
0	199	0
0	200	0
0	201	0
0	202	0
0	203	0
0	204	0
0	205	0
0	206	0
0	207	0
0	208	0
0	209	0
0	210	0
0	211	0
0	212	0
0	213	0
0	214	0
0	215	0
0	216	0
0	217	0
0	218	0
0	219	0
0	220	0
0	221	0
0	222	0
0	223	0
0	224	0
0	225	0
0	226	0
0	227	0
0	228	0
0	229	0
0	230	0
0	231	0
0	232	0
0	233	0
0	234	0
0	235	0
0	236	0
0	237	0
0	238	0
0	239	0
0	240	0
0	241	0
0	242	0
0	243	0
0	244	0
0	245	0
0	246	0
0	247	0
0	248	0
0	249	0
0	250	0
0	251	0
0	252	0
0	253	0
0	254	0
0	255	0
0	256	0
0	257	0
0	258	0
0	259	0
0	260	0
0	261	0
0	262	0
0	263	0
0	264	0
0	265	0
0	266	0
0	267	0
0	268	0
0	269	0
0	270	0
0	271	0
0	272	0
0	273	0
0	274	0
0	275	0
0	276	0
0	277	0
0	278	0
0	279	0
0	280	0
0	281	0
0	282	0
0	283	0
0	284	0
0	285	0
0	286	0
0	287	0
0	288	0
0	289	0
0	290	0
0	291	0
0	292	0
0	293	0
0	294	0
0	295	0
0	296	0
0	297	0
0	298	0
0	299	0
0	300	0
0	301	0
0	302	0
0	303	0
0	304	0
0	305	0
0	306	0
0	307	0
0	308	0
0	309	0
0	310	0
0	311	0
0	312	0
0	313	0
0	314	0
0	315	0
0	316	0
0	317	0
0	318	0
0	319	0
0	320	0
0	321	0
0	322	0
0	323	0
0	324	0
0	325	0
0	326	0
0	327	0
0	328	0
0	329	0
0	330	0
0	331	0
0	332	0
0	333	0
0	334	0
0	335	0
0	336	0
0	337	0
0	338	0
0	339	0
0	340	0
0	341	0
0	342	0
0	343	0
0	344	0
0	345	0
0	346	0
0	347	0
0	348	0
0	349	0
0	350	0
0	351	0
0	352	0
0	353	0
0	354	0
0	355	0
0	356	0
0	357	0
0	358	0
0	359	0
0	360	0
0	361	0
0	362	0
0	363	0
0	364	0
0	365	0
0	366	0
0	367	0
0	368	0
0	369	0
0	370	0
0	371	0
0	372	0
0	373	0
0	374	0
0	375	0
0	376	0
0	377	0
0	378	0
0	379	0
0	380	0
0	381	0
0	382	0
0	383	0
0	384	0
0	385	0
0	386	0
0	387	0
0	388	0
0	389	0
0	390	0
0	391	0
0	392	0
0	393	0
0	394	0
0	395	0
0	396	0
0	397	0
0	398	0
0	399	0
0	400	0
0	401	0
0	402	0
0	403	0
0	404	0
0	405	0
0	406	0
0	407	0
0	408	0
0	409	0
0	410	0
0	411	0
0	412	0
0	413	0
0	414	0
0	415	0
0	416	0
0	417	0
0	418	0
0	419	0
0	420	0
0	421	0
0	422	0
0	423	0
0	424	0
0	425	0
0	426	0
0	427	0
0	428	0
0	429	0
0	430	0
0	431	0
0	432	0
0	433	0
0	434	0
0	435	0
0	436	0
0	437	0
0	438	0
0	439	0
0	440	0
0	441	0
0	442	0
0	443	0
0	444	0
0	445	0
0	446	0
0	447	0
0	448	0
0	449	0
0	450	0
0	451	0
0	452	0
0	453	0
0	454	0
0	455	0
0	456	0
0	457	0
0	458	0
0	459	0
0	460	0
0	461	0
0	462	0
0	463	0
0	464	0
0	465	0
0	466	0
0	467	0
0	468	0
0	469	0
0	470	0
0	471	0
0	472	0
0	473	0
0	474	0
0	475	0
0	476	0
0	477	0
0	478	0
0	479	0
0	480	0
0	481	0
0	482	0
0	483	0
0	484	0
0	485	0
0	486	0
0	487	0
0	488	0
0	489	0
0	490	0
0	491	0
0	492	0
0	493	0
0	494	0
0	495	0
0	496	0
0	497	0
0	498	0
0	499	0
0	500	0
0	501	0
0	502	0
0	503	0
0	504	0
0	505	0
0	506	0
0	507	0
0	508	0
0	509	0
0	510	0
0	511	0
0	512	0
0	513	0
0	514	0
0	515	0
0	516	0
0	517	0
0	518	0
0	519	0
0	520	0
0	521	0
0	522	0
0	523	0
0	524	0
0	525	0
0	526	0
0	527	0
0	528	0
0	529	0
0	530	0
0	531	0
0	532	0
0	533	0
0	534	0
0	535	0
0	536	0
0	537	0
0	538	0
0	539	0
0	540	0
0	541	0
0	542	0
0	543	0
0	544	0
0	545	0
0	546	0
0	547	0
0	548	0
0	549	0
0	550	0
0	551	0
0	552	0
0	553	0
0	554	0
0	555	0
0	556	0
0	557	0
0	558	0
0	559	0
0	560	0
0	561	0
0	562	0
0	563	0
0	564	0
0	565	0
0	566	0
0	567	0
0	568	0
0	569	0
0	570	0
0	571	0
0	572	0
0	573	0
0	574	0
0	575	0
0	576	0
0	577	0
0	578	0
0	579	0
0	580	0
0	581	0
0	582	0
0	583	0
0	584	0
0	585	0
0	586	0
0	587	0
0	588	0
0	589	0
0	590	0
0	591	0
0	592	0
0	593	0
0	594	0
0	595	0
0	596	0
0	597	0
0	598	0
0	599	0
0	600	0
0	601	0
0	602	0
0	603	0
0	604	0
0	605	0
0	606	0
0	607	0
0	608	0
0	609	0
0	610	0
0	611	0
0	612	0
0	613	0
0	614	0
0	615	0
0	616	0
0	617	0
0	618	0
0	619	0
0	620	0
0	621	0
0	622	0
0	623	0
0	624	0
0	625	0
0	626	0
0	627	0
0	628	0
0	629	0
0	630	0
0	631	0
0	632	0
0	633	0
0	634	0
0	635	0
0	636	0
0	637	0
0	638	0
0	639	0
0	640	0
0	641	0
0	642	0
0	643	0
0	644	0
0	645	0
0	646	0
0	647	0
0	648	0
0	649	0
0	650	0
0	651	0
0	652	0
0	653	0
0	654	0
0	655	0
0	656	0
0	657	0
0	658	0
0	659	0
0	660	0
0	661	0
0	662	0
0	663	0
0	664	0
0	665	0
0	666	0
0	667	0
0	668	0
0	669	0
0	670	0
0	671	0
0	672	0
0	673	0
0	674	0
0	675	0
0	676	0
0	677	0
0	678	0
0	679	0
0	680	0
0	681	0
0	682	0
0	683	0
0	684	0
0	685	0
0	686	0
0	687	0
0	688	0
0	689	0
0	690	0
0	691	0
0	692	0
0	693	0
0	694	0
0	695	0
0	696	0
0	697	0
0	698	0
0	699	0
0	700	0
0	701	0
0	702	0
0	703	0
0	704	0
0	705	0
0	706	0
0	707	0
0	708	0
0	709	0
0	710	0
0	711	0
0	712	0
0	713	0
0	714	0
0	715	0
0	716	0
0	717	0
0	718	0
0	719	0
0	720	0
0	721	0
0	722	0
0	723	0
0	724	0
0	725	0
0	726	0
0	727	0
0	728	0
0	729	0
0	730	0
0	731	0
0	732	0
0	733	0
0	734	0
0	735	0
0	736	0
0	737	0
0	738	0
0	739	0
0	740	0
0	741	0
0	742	0
0	743	0
0	744	0
0	745	0
0	746	0
0	747	0
0	748	0
0	749	0
0	750	0
0	751	0
0	752	0
0	753	0
0	754	0
0	755	0
0	756	0
0	757	0
0	758	0
0	759	0
0	760	0
0	761	0
0	762	0
0	763	0
0	764	0
0	765	0
0	766	0
0	767	0
0	768	0
0	769	0
0	770	0
0	771	0
0	772	0
0	773	0
0	774	0
0	775	0
0	776	0
0	777	0
0	778	0
0	779	0
0	780	0
0	781	0
0	782	0
0	783	0
0	784	0
0	785	0
0	786	0
0	787	0
0	788	0
0	789	0
0	790	0
0	791	0
0	792	0
0	793	0
0	794	0
0	795	0
0	796	0
0	797	0
0	798	0
0	799	0
0	800	0
0	801	0
0	802	0
0	803	0
0	804	0
0	805	0
0	806	0
0	807	0
0	808	0
0	809	0
0	810	0
0	811	0
0	812	0
0	813	0
0	814	0
0	815	0
0	816	0
0	817	0
0	818	0
0	819	0
0	820	0
0	821	0
0	822	0
0	823	0
0	824	0
0	825	0
0	826	0
0	827	0
0	828	0
0	829	0
0	830	0
0	831	0
0	832	0
0	833	0
0	834	0
0	835	0
0	836	0
0	837	0
0	838	0
0	839	0
0	840	0
0	841	0
0	842	0
0	843	0
0	844	0
0	845	0
0	846	0
0	847	0
0	848	0
0	849	0
0	850	0
0	851	0
0	852	0
0	853	0
0	854	0
0	855	0
0	856	0
0	857	0
0	858	0
0	859	0
0	860	0
0	861	0
0	862	0
0	863	0
0	864	0
0	865	0
0	866	0
0	867	0
0	868	0
0	869	0
0	870	0
0	871	0
0	872	0
0	873	0
0	874	0
0	875	0
0	876	0
0	877	0
0	878	0
0	879	0
0	880	0
0	881	0
0	882	0
0	883	0
0	884	0
0	885	0
0	886	0
0	887	0
0	888	0
0	889	0
0	890	0
0	891	0
0	892	0
0	893	0
0	894	0
0	895	0
0	896	0
0	897	0
0	898	0
0	899	0
0	900	0
0	901	0
0	902	0
0	903	0
0	904	0
0	905	0
0	906	0
0	907	0
0	908	0
0	909	0
0	910	0
0	911	0
0	912	0
0	913	0
0	914	0
0	915	0
0	916	0
0	917	0
0	918	0
0	919	0
0	920	0
0	921	0
0	922	0
0	923	0
0	924	0
0	925	0
0	926	0
0	927	0
0	928	0
0	929	0
0	930	0
0	931	0
0	932	0
0	933	0
0	934	0
0	935	0
0	936	0
0	937	0
0	938	0
0	939	0
0	940	0
0	941	0
0	942	0
0	943	0
0	944	0
0	945	0
0	946	0
0	947	0
0	948	0
0	949	0
0	950	0
0	951	0
0	952	0
0	953	0
0	954	0
0	955	0
0	956	0
0	957	0
0	958	0
0	959	0
0	960	0
0	961	0
0	962	0
0	963	0
0	964	0
0	965	0
0	966	0
0	967	0
0	968	0
0	969	0
0	970	0
0	971	0
0	972	0
0	973	0
0	974	0
0	975	0
0	976	0
0	977	0
0	978	0
0	979	0
0	980	0
0	981	0
0	982	0
0	983	0
0	984	0
0	985	0
0	986	0
0	987	0
0	988	0
0	989	0
0	990	0
0	991	0
0	992	0
0	993	0
0	994	0
0	995	0
0	996	0
0	997	0
0	998	0
0	999	0
1	0	0
1	1	-0.613221
1	2	-0.669497
1	3	-0.692113
1	4	-0.700285
1	5	4.11899
1	6	8.68115
1	7	-0.665287
1	8	-0.649955
1	9	-0.635934
1	10	-0.624098
1	11	-0.61427
1	12	-0.606248
1	13	-0.600074
1	14	-0.596052
1	15	-0.594969
1	16	-0.599041
1	17	-0.613137
1	18	-0.605341
1	19	2.70719
1	20	2.59986
1	21	1.87146
1	22	1.33133
1	23	0.966028
1	24	0.714785
1	25	0.539869
1	26	0.41838
1	27	0.334889
1	28	0.278073
1	29	0.239074
1	30	0.210667
1	31	0.187
1	32	0.163816
1	33	0.138892
1	34	0.112222
1	35	0.0855402
1	36	0.0612204
1	37	0.0411291
1	38	0.026012
1	39	0.0155579
1	40	0.00884544
1	41	0.00480444
1	42	0.00250408
1	43	0.0012571
1	44	0.000609752
1	45	0.000286472
1	46	0.000130628
1	47	5.79063e-05
1	48	2.49882e-05
1	49	1.05086e-05
1	50	4.3109e-06
1	51	1.72643e-06
1	52	6.75454e-07
1	53	2.5833e-07
1	54	9.66332e-08
1	55	3.53726e-08
1	56	1.26764e-08
1	57	4.4493e-09
1	58	1.53012e-09
1	59	5.15765e-10
1	60	1.70459e-10
1	61	5.52542e-11
1	62	1.75719e-11
1	63	5.48407e-12
1	64	1.68009e-12
1	65	5.05384e-13
1	66	1.49304e-13
1	67	4.33294e-14
1	68	1.23552e-14
1	69	3.46232e-15
1	70	9.53712e-16
1	71	2.58276e-16
1	72	6.87775e-17
1	73	1.80127e-17
1	74	4.64038e-18
1	75	1.17609e-18
1	76	2.93292e-19
1	77	7.19778e-20
1	78	1.73858e-20
1	79	4.13374e-21
1	80	9.67606e-22
1	81	2.23003e-22
1	82	5.06092e-23
1	83	1.13109e-23
1	84	2.48978e-24
1	85	5.39831e-25
1	86	1.15299e-25
1	87	2.42607e-26
1	88	5.02947e-27
1	89	1.02734e-27
1	90	2.06778e-28
1	91	4.10132e-29
1	92	8.01669e-30
1	93	1.54433e-30
1	94	2.9321e-31
1	95	5.48693e-32
1	96	1.01206e-32
1	97	1.84003e-33
1	98	3.29759e-34
1	99	5.82543e-35
1	100	1.01444e-35
1	101	1.74141e-36
1	102	2.94679e-37
1	103	4.91558e-38
1	104	8.08304e-39
1	105	1.31022e-39
1	106	2.09354e-40
1	107	3.29742e-41
1	108	5.11934e-42
1	109	7.83404e-43
1	110	1.18161e-43
1	111	1.75657e-44
1	112	2.57357e-45
1	113	3.71589e-46
1	114	5.28715e-47
1	115	7.41284e-48
1	116	1.02405e-48
1	117	1.39378e-49
1	118	1.86884e-50
1	119	2.46839e-51
1	120	3.21126e-52
1	121	4.11445e-53
1	122	5.19126e-54
1	123	6.44921e-55
1	124	7.88778e-56
1	125	9.49639e-57
1	126	1.12526e-57
1	127	1.3121e-58
1	128	1.50533e-59
1	129	1.69889e-60
1	130	1.88576e-61
1	131	2.05829e-62
1	132	2.20867e-63
1	133	2.32948e-64
1	134	2.41428e-65
1	135	2.45812e-66
1	136	2.45801e-67
1	137	2.41324e-68
1	138	2.32553e-69
1	139	2.19887e-70
1	140	2.0393e-71
1	141	1.85439e-72
1	142	1.65266e-73
1	143	1.44291e-74
1	144	1.23358e-75
1	145	1.03218e-76
1	146	8.44831e-78
1	147	6.76022e-79
1	148	5.28522e-80
1	149	4.03447e-81
1	150	3.00482e-82
1	151	2.18184e-83
1	152	1.54324e-84
1	153	1.0623e-85
1	154	7.10934e-87
1	155	4.62065e-88
1	156	2.91301e-89
1	157	1.77897e-90
1	158	1.05084e-91
1	159	5.99423e-93
1	160	3.29578e-94
1	161	1.74305e-95
1	162	8.84643e-97
1	163	4.29701e-98
1	164	1.99143e-99
1	165	8.77416e-101
1	166	3.65982e-102
1	167	1.43797e-103
1	168	5.28996e-105
1	169	1.80858e-106
1	170	5.69316e-108
1	171	1.63032e-109
1	172	4.17951e-111
1	173	9.37954e-113
1	174	1.78239e-114
1	175	2.71739e-116
1	176	3.00173e-118
1	177	1.85871e-120
1	178	0
1	179	0
1	180	0
1	181	0
1	182	0
1	183	0
1	184	0
1	185	0
1	186	0
1	187	0
1	188	0
1	189	0
1	190	0
1	191	0
1	192	0
1	193	0
1	194	0
1	195	0
1	196	0
1	197	0
1	198	0
1	199	0
1	200	0
1	201	0
1	202	0
1	203	0
1	204	0
1	205	0
1	206	0
1	207	0
1	208	0
1	209	0
1	210	0
1	211	0
1	212	0
1	213	0
1	214	0
1	215	0
1	216	0
1	217	0
1	218	0
1	219	0
1	220	0
1	221	0
1	222	0
1	223	0
1	224	0
1	225	0
1	226	0
1	227	0
1	228	0
1	229	0
1	230	0
1	231	0
1	232	0
1	233	0
1	234	0
1	235	0
1	236	0
1	237	0
1	238	0
1	239	0
1	240	0
1	241	0
1	242	0
1	243	0
1	244	0
1	245	0
1	246	0
1	247	0
1	248	0
1	249	0
1	250	0
1	251	0
1	252	0
1	253	0
1	254	0
1	255	0
1	256	0
1	257	0
1	258	0
1	259	0
1	260	0
1	261	0
1	262	0
1	263	0
1	264	0
1	265	0
1	266	0
1	267	0
1	268	0
1	269	0
1	270	0
1	271	0
1	272	0
1	273	0
1	274	0
1	275	0
1	276	0
1	277	0
1	278	0
1	279	0
1	280	0
1	281	0
1	282	0
1	283	0
1	284	0
1	285	0
1	286	0
1	287	0
1	288	0
1	289	0
1	290	0
1	291	0
1	292	0
1	293	0
1	294	0
1	295	0
1	296	0
1	297	0
1	298	0
1	299	0
1	300	0
1	301	0
1	302	0
1	303	0
1	304	0
1	305	0
1	306	0
1	307	0
1	308	0
1	309	0
1	310	0
1	311	0
1	312	0
1	313	0
1	314	0
1	315	0
1	316	0
1	317	0
1	318	0
1	319	0
1	320	0
1	321	0
1	322	0
1	323	0
1	324	0
1	325	0
1	326	0
1	327	0
1	328	0
1	329	0
1	330	0
1	331	0
1	332	0
1	333	0
1	334	0
1	335	0
1	336	0
1	337	0
1	338	0
1	339	0
1	340	0
1	341	0
1	342	0
1	343	0
1	344	0
1	345	0
1	346	0
1	347	0
1	348	0
1	349	0
1	350	0
1	351	0
1	352	0
1	353	0
1	354	0
1	355	0
1	356	0
1	357	0
1	358	0
1	359	0
1	360	0
1	361	0
1	362	0
1	363	0
1	364	0
1	365	0
1	366	0
1	367	0
1	368	0
1	369	0
1	370	0
1	371	0
1	372	0
1	373	0
1	374	0
1	375	0
1	376	0
1	377	0
1	378	0
1	379	0
1	380	0
1	381	0
1	382	0
1	383	0
1	384	0
1	385	0
1	386	0
1	387	0
1	388	0
1	389	0
1	390	0
1	391	0
1	392	0
1	393	0
1	394	0
1	395	0
1	396	0
1	397	0
1	398	0
1	399	0
1	400	0
1	401	0
1	402	0
1	403	0
1	404	0
1	405	0
1	406	0
1	407	0
1	408	0
1	409	0
1	410	0
1	411	0
1	412	0
1	413	0
1	414	0
1	415	0
1	416	0
1	417	0
1	418	0
1	419	0
1	420	0
1	421	0
1	422	0
1	423	0
1	424	0
1	425	0
1	426	0
1	427	0
1	428	0
1	429	0
1	430	0
1	431	0
1	432	0
1	433	0
1	434	0
1	435	0
1	436	0
1	437	0
1	438	0
1	439	0
1	440	0
1	441	0
1	442	0
1	443	0
1	444	0
1	445	0
1	446	0
1	447	0
1	448	0
1	449	0
1	450	0
1	451	0
1	452	0
1	453	0
1	454	0
1	455	0
1	456	0
1	457	0
1	458	0
1	459	0
1	460	0
1	461	0
1	462	0
1	463	0
1	464	0
1	465	0
1	466	0
1	467	0
1	468	0
1	469	0
1	470	0
1	471	0
1	472	0
1	473	0
1	474	0
1	475	0
1	476	0
1	477	0
1	478	0
1	479	0
1	480	0
1	481	0
1	482	0
1	483	0
1	484	0
1	485	0
1	486	0
1	487	0
1	488	0
1	489	0
1	490	0
1	491	0
1	492	0
1	493	0
1	494	0
1	495	0
1	496	0
1	497	0
1	498	0
1	499	0
1	500	0
1	501	0
1	502	0
1	503	0
1	504	0
1	505	0
1	506	0
1	507	0
1	508	0
1	509	0
1	510	0
1	511	0
1	512	0
1	513	0
1	514	0
1	515	0
1	516	0
1	517	0
1	518	0
1	519	0
1	520	0
1	521	0
1	522	0
1	523	0
1	524	0
1	525	0
1	526	0
1	527	0
1	528	0
1	529	0
1	530	0
1	531	0
1	532	0
1	533	0
1	534	0
1	535	0
1	536	0
1	537	0
1	538	0
1	539	0
1	540	0
1	541	0
1	542	0
1	543	0
1	544	0
1	545	0
1	546	0
1	547	0
1	548	0
1	549	0
1	550	0
1	551	0
1	552	0
1	553	0
1	554	0
1	555	0
1	556	0
1	557	0
1	558	0
1	559	0
1	560	0
1	561	0
1	562	0
1	563	0
1	564	0
1	565	0
1	566	0
1	567	0
1	568	0
1	569	0
1	570	0
1	571	0
1	572	0
1	573	0
1	574	0
1	575	0
1	576	0
1	577	0
1	578	0
1	579	0
1	580	0
1	581	0
1	582	0
1	583	0
1	584	0
1	585	0
1	586	0
1	587	0
1	588	0
1	589	0
1	590	0
1	591	0
1	592	0
1	593	0
1	594	0
1	595	0
1	596	0
1	597	0
1	598	0
1	599	0
1	600	0
1	601	0
1	602	0
1	603	0
1	604	0
1	605	0
1	606	0
1	607	0
1	608	0
1	609	0
1	610	0
1	611	0
1	612	0
1	613	0
1	614	0
1	615	0
1	616	0
1	617	0
1	618	0
1	619	0
1	620	0
1	621	0
1	622	0
1	623	0
1	624	0
1	625	0
1	626	0
1	627	0
1	628	0
1	629	0
1	630	0
1	631	0
1	632	0
1	633	0
1	634	0
1	635	0
1	636	0
1	637	0
1	638	0
1	639	0
1	640	0
1	641	0
1	642	0
1	643	0
1	644	0
1	645	0
1	646	0
1	647	0
1	648	0
1	649	0
1	650	0
1	651	0
1	652	0
1	653	0
1	654	0
1	655	0
1	656	0
1	657	0
1	658	0
1	659	0
1	660	0
1	661	0
1	662	0
1	663	0
1	664	0
1	665	0
1	666	0
1	667	0
1	668	0
1	669	0
1	670	0
1	671	0
1	672	0
1	673	0
1	674	0
1	675	0
1	676	0
1	677	0
1	678	0
1	679	0
1	680	0
1	681	0
1	682	0
1	683	0
1	684	0
1	685	0
1	686	0
1	687	0
1	688	0
1	689	0
1	690	0
1	691	0
1	692	0
1	693	0
1	694	0
1	695	0
1	696	0
1	697	0
1	698	0
1	699	0
1	700	0
1	701	0
1	702	0
1	703	0
1	704	0
1	705	0
1	706	0
1	707	0
1	708	0
1	709	0
1	710	0
1	711	0
1	712	0
1	713	0
1	714	0
1	715	0
1	716	0
1	717	0
1	718	0
1	719	0
1	720	0
1	721	0
1	722	0
1	723	0
1	724	0
1	725	0
1	726	0
1	727	0
1	728	0
1	729	0
1	730	0
1	731	0
1	732	0
1	733	0
1	734	0
1	735	0
1	736	0
1	737	0
1	738	0
1	739	0
1	740	0
1	741	0
1	742	0
1	743	0
1	744	0
1	745	0
1	746	0
1	747	0
1	748	0
1	749	0
1	750	0
1	751	0
1	752	0
1	753	0
1	754	0
1	755	0
1	756	0
1	757	0
1	758	0
1	759	0
1	760	0
1	761	0
1	762	0
1	763	0
1	764	0
1	765	0
1	766	0
1	767	0
1	768	0
1	769	0
1	770	0
1	771	0
1	772	0
1	773	0
1	774	0
1	775	0
1	776	0
1	777	0
1	778	0
1	779	0
1	780	0
1	781	0
1	782	0
1	783	0
1	784	0
1	785	0
1	786	0
1	787	0
1	788	0
1	789	0
1	790	0
1	791	0
1	792	0
1	793	0
1	794	0
1	795	0
1	796	0
1	797	0
1	798	0
1	799	0
1	800	0
1	801	0
1	802	0
1	803	0
1	804	0
1	805	0
1	806	0
1	807	0
1	808	0
1	809	0
1	810	0
1	811	0
1	812	0
1	813	0
1	814	0
1	815	0
1	816	0
1	817	0
1	818	0
1	819	0
1	820	0
1	821	0
1	822	0
1	823	0
1	824	0
1	825	0
1	826	0
1	827	0
1	828	0
1	829	0
1	830	0
1	831	0
1	832	0
1	833	0
1	834	0
1	835	0
1	836	0
1	837	0
1	838	0
1	839	0
1	840	0
1	841	0
1	842	0
1	843	0
1	844	0
1	845	0
1	846	0
1	847	0
1	848	0
1	849	0
1	850	0
1	851	0
1	852	0
1	853	0
1	854	0
1	855	0
1	856	0
1	857	0
1	858	0
1	859	0
1	860	0
1	861	0
1	862	0
1	863	0
1	864	0
1	865	0
1	866	0
1	867	0
1	868	0
1	869	0
1	870	0
1	871	0
1	872	0
1	873	0
1	874	0
1	875	0
1	876	0
1	877	0
1	878	0
1	879	0
1	880	0
1	881	0
1	882	0
1	883	0
1	884	0
1	885	0
1	886	0
1	887	0
1	888	0
1	889	0
1	890	0
1	891	0
1	892	0
1	893	0
1	894	0
1	895	0
1	896	0
1	897	0
1	898	0
1	899	0
1	900	0
1	901	0
1	902	0
1	903	0
1	904	0
1	905	0
1	906	0
1	907	0
1	908	0
1	909	0
1	910	0
1	911	0
1	912	0
1	913	0
1	914	0
1	915	0
1	916	0
1	917	0
1	918	0
1	919	0
1	920	0
1	921	0
1	922	0
1	923	0
1	924	0
1	925	0
1	926	0
1	927	0
1	928	0
1	929	0
1	930	0
1	931	0
1	932	0
1	933	0
1	934	0
1	935	0
1	936	0
1	937	0
1	938	0
1	939	0
1	940	0
1	941	0
1	942	0
1	943	0
1	944	0
1	945	0
1	946	0
1	947	0
1	948	0
1	949	0
1	950	0
1	951	0
1	952	0
1	953	0
1	954	0
1	955	0
1	956	0
1	957	0
1	958	0
1	959	0
1	960	0
1	961	0
1	962	0
1	963	0
1	964	0
1	965	0
1	966	0
1	967	0
1	968	0
1	969	0
1	970	0
1	971	0
1	972	0
1	973	0
1	974	0
1	975	0
1	976	0
1	977	0
1	978	0
1	979	0
1	980	0
1	981	0
1	982	0
1	983	0
1	984	0
1	985	0
1	986	0
1	987	0
1	988	0
1	989	0
1	990	0
1	991	0
1	992	0
1	993	0
1	994	0
1	995	0
1	996	0
1	997	0
1	998	0
1	999	0
