2	350
0	0	0
0	1	0.0866292
0	2	0.0193528
0	3	0.120187
0	4	0.0219571
0	5	0.125406
0	6	0.0256971
0	7	0.586314
0	8	0.861209
0	9	0.987022
0	10	1.04309
0	11	1.06647
0	12	1.07282
0	13	1.06644
0	14	1.04303
0	15	0.986903
0	16	0.860971
0	17	0.585921
0	18	0.0223781
0	19	0.0444454
0	20	0.158637
0	21	0.0325985
0	22	0.0530401
0	23	0.18534
0	24	0.0555105
0	25	0.143874
0	26	0.222309
0	27	0.17908
0	28	0.147322
0	29	0.139527
0	30	0.134975
0	31	0.126043
0	32	0.114162
0	33	0.102134
0	34	0.0914704
0	35	0.0826655
0	36	0.0758106
0	37	0.0708919
0	38	0.0678868
0	39	0.0667963
0	40	0.0676682
0	41	0.0706194
0	42	0.0758539
0	43	0.0836665
0	44	0.0944221
0	45	0.108492
0	46	0.126116
0	47	0.147177
0	48	0.170869
0	49	0.195363
0	50	0.217658
0	51	0.233907
0	52	0.240376
0	53	0.2348
0	54	0.217458
0	55	0.191246
0	56	0.160632
0	57	0.130077
0	58	0.1028
0	59	0.0803637
0	60	0.0629651
0	61	0.0500122
0	62	0.0406322
0	63	0.0339784
0	64	0.029361
0	65	0.0262708
0	66	0.0243582
0	67	0.0234018
0	68	0.0232813
0	69	0.02396
0	70	0.0254768
0	71	0.0279482
0	72	0.0315791
0	73	0.0366832
0	74	0.0437128
0	75	0.0532968
0	76	0.0662788
0	77	0.0837398
0	78	0.106965
0	79	0.137284
0	80	0.175686
0	81	0.222105
0	82	0.274437
0	83	0.327635
0	84	0.373702
0	85	0.403329
0	86	0.409079
0	87	0.388604
0	88	0.34591
0	89	0.289769
0	90	0.230265
0	91	0.175475
0	92	0.129869
0	93	0.0945648
0	94	0.0685621
0	95	0.0500004
0	96	0.036971
0	97	0.0278816
0	98	0.0215361
0	99	0.0170866
0	100	0.0139514
0	101	0.0117378
0	102	0.0101836
0	103	0.00911491
0	104	0.00841841
0	105	0.00802336
0	106	0.00789035
0	107	0.0080052
0	108	0.00837664
0	109	0.00903728
0	110	0.0100482
0	111	0.0115079
0	112	0.0135669
0	113	0.016451
0	114	0.0204974
0	115	0.0262083
0	116	0.03433
0	117	0.0459638
0	118	0.0627062
0	119	0.086793
0	120	0.121155
0	121	0.169166
0	122	0.233681
0	123	0.314928
0	124	0.407359
0	125	0.497217
0	126	0.564155
0	127	0.588638
0	128	0.561577
0	129	0.489436
0	130	0.391187
0	131	0.289313
0	132	0.200781
0	133	0.133073
0	134	0.0858216
0	135	0.054799
0	136	0.0351415
0	137	0.0228757
0	138	0.0152279
0	139	0.0104158
0	140	0.00734211
0	141	0.00534297
0	142	0.00401807
0	143	0.00312434
0	144	0.00251257
0	145	0.0020899
0	146	0.00179791
0	147	0.00159953
0	148	0.00147138
0	149	0.0013992
0	150	0.00137515
0	151	0.00139646
0	152	0.00146486
0	153	0.0015868
0	154	0.00177449
0	155	0.0020479
0	156	0.00243821
0	157	0.0029936
0	158	0.00378872
0	159	0.00494031
0	160	0.0066333
0	161	0.00916452
0	162	0.0130166
0	163	0.0189825
0	164	0.0283738
0	165	0.043358
0	166	0.0674695
0	167	0.10627
0	168	0.167854
0	169	0.262156
0	170	0.39683
0	171	0.567575
0	172	0.746798
0	173	0.88506
0	174	0.934322
0	175	0.87552
0	176	0.727662
0	177	0.536899
0	178	0.353971
0	179	0.211769
0	180	0.117689
0	181	0.0624003
0	182	0.0323699
0	183	0.0167693
0	184	0.00880616
0	185	0.00473386
0	186	0.00262034
0	187	0.00149841
0	188	0.000886675
0	189	0.000543379
0	190	0.000344977
0	191	0.000226917
0	192	0.000154639
0	193	0.000109169
0	194	7.98261e-05
0	195	6.04481e-05
0	196	4.73945e-05
0	197	3.84669e-05
0	198	3.23121e-05
0	199	2.80841e-05
0	200	2.52502e-05
0	201	2.34786e-05
0	202	2.25718e-05
0	203	2.24304e-05
0	204	2.30337e-05
0	205	2.44359e-05
0	206	2.67739e-05
0	207	3.02894e-05
0	208	3.53708e-05
0	209	4.26234e-05
0	210	5.29878e-05
0	211	6.79366e-05
0	212	8.98059e-05
0	213	0.000122363
0	214	0.000171797
0	215	0.000248467
0	216	0.000370062
0	217	0.00056741
0	218	0.000895346
0	219	0.00145344
0	220	0.00242622
0	221	0.00416259
0	222	0.00733479
0	223	0.0132599
0	224	0.0245505
0	225	0.0464111
0	226	0.0890802
0	227	0.171783
0	228	0.326467
0	229	0.591734
0	230	0.976991
0	231	1.40907
0	232	1.75873
0	233	1.95087
0	234	1.99333
0	235	1.9182
0	236	1.74231
0	237	1.47108
0	238	1.12415
0	239	0.755999
0	240	0.440379
0	241	0.223206
0	242	0.100515
0	243	0.0412923
0	244	0.015846
0	245	0.00578448
0	246	0.0020346
0	247	0.000695658
0	248	0.000232614
0	249	7.6388e-05
0	250	2.47093e-05
0	251	7.89023e-06
0	252	2.49127e-06
0	253	7.78748e-07
0	254	2.41237e-07
0	255	7.41141e-08
0	256	2.25965e-08
0	257	6.84059e-09
0	258	2.05704e-09
0	259	6.14681e-10
0	260	1.82577e-10
0	261	5.39202e-11
0	262	1.58366e-11
0	263	4.62665e-12
0	264	1.34475e-12
0	265	3.88914e-13
0	266	1.11934e-13
0	267	3.20644e-14
0	268	9.14289e-15
0	269	2.59529e-15
0	270	7.33448e-16
0	271	2.06381e-16
0	272	5.78259e-17
0	273	1.61344e-17
0	274	4.48326e-18
0	275	1.2407e-18
0	276	3.41976e-19
0	277	9.38866e-20
0	278	2.5675e-20
0	279	6.99418e-21
0	280	1.89801e-21
0	281	5.13113e-22
0	282	1.38196e-22
0	283	3.70821e-23
0	284	9.91356e-24
0	285	2.64062e-24
0	286	7.00821e-25
0	287	1.85329e-25
0	288	4.88347e-26
0	289	1.28225e-26
0	290	3.35494e-27
0	291	8.74738e-28
0	292	2.27279e-28
0	293	5.88491e-29
0	294	1.51855e-29
0	295	3.9051e-30
0	296	1.00083e-30
0	297	2.55637e-31
0	298	6.50768e-32
0	299	1.65111e-32
0	300	4.17526e-33
0	301	1.05233e-33
0	302	2.64358e-34
0	303	6.61924e-35
0	304	1.65199e-35
0	305	4.10956e-36
0	306	1.01901e-36
0	307	2.51864e-37
0	308	6.20528e-38
0	309	1.52395e-38
0	310	3.73076e-39
0	311	9.10439e-40
0	312	2.2148e-40
0	313	5.371e-41
0	314	1.29843e-41
0	315	3.12914e-42
0	316	7.5177e-43
0	317	1.80054e-43
0	318	4.29913e-44
0	319	1.02335e-44
0	320	2.42852e-45
0	321	5.74557e-46
0	322	1.35521e-46
0	323	3.18687e-47
0	324	7.47157e-48
0	325	1.74644e-48
0	326	4.06999e-49
0	327	9.45664e-50
0	328	2.19072e-50
0	329	5.05998e-51
0	330	1.16527e-51
0	331	2.6756e-52
0	332	6.1255e-53
0	333	1.39826e-53
0	334	3.1825e-54
0	335	7.22242e-55
0	336	1.63432e-55
0	337	3.68751e-56
0	338	8.29617e-57
0	339	1.86111e-57
0	340	4.16315e-58
0	341	9.28602e-59
0	342	2.06537e-59
0	343	4.58072e-60
0	344	1.01306e-60
0	345	2.23414e-61
0	346	4.91269e-62
0	347	1.07503e-62
0	348	2.24446e-63
0	349	0
1	0	0
1	1	-0.293555
1	2	11.6753
1	3	-0.360257
1	4	12.1913
1	5	-0.370724
1	6	31.738
1	7	-0.596003
1	8	-0.608894
1	9	-0.607449
1	10	-0.605747
1	11	-0.604862
1	12	-0.604603
1	13	-0.60486
1	14	-0.605744
1	15	-0.607446
1	16	-0.608887
1	17	-0.595841
1	18	29.2331
1	19	4.92843
1	20	-0.413581
1	21	7.41914
1	22	4.95437
1	23	-0.440092
1	24	6.77912
1	25	2.40908
1	26	1.77097
1	27	2.54424
1	28	2.65799
1	29	2.46126
1	30	2.36804
1	31	2.37034
1	32	2.40476
1	33	2.44406
1	34	2.48665
1	35	2.53602
1	36	2.59311
1	37	2.65648
1	38	2.72375
1	39	2.79242
1	40	2.85993
1	41	2.92363
1	42	2.98053
1	43	3.0272
1	44	3.0597
1	45	3.07371
1	46	3.06484
1	47	3.02929
1	48	2.96491
1	49	2.8725
1	50	2.75685
1	51	2.62687
1	52	2.49439
1	53	2.37173
1	54	2.26921
1	55	2.19352
1	56	2.14741
1	57	2.13033
1	58	2.13949
1	59	2.17092
1	60	2.2203
1	61	2.28362
1	62	2.35739
1	63	2.43882
1	64	2.52571
1	65	2.61634
1	66	2.70937
1	67	2.80367
1	68	2.89825
1	69	2.99218
1	70	3.08446
1	71	3.17399
1	72	3.2594
1	73	3.33899
1	74	3.41053
1	75	3.4711
1	76	3.51689
1	77	3.54297
1	78	3.54332
1	79	3.51101
1	80	3.43912
1	81	3.32244
1	82	3.16009
1	83	2.95806
1	84	2.73021
1	85	2.49624
1	86	2.27676
1	87	2.08816
1	88	1.93976
1	89	1.83411
1	90	1.76888
1	91	1.73917
1	92	1.73901
1	93	1.7625
1	94	1.80431
1	95	1.86004
1	96	1.92624
1	97	2.00032
1	98	2.0804
1	99	2.16509
1	100	2.25342
1	101	2.34466
1	102	2.43826
1	103	2.53379
1	104	2.6309
1	105	2.72929
1	106	2.82868
1	107	2.92878
1	108	3.02929
1	109	3.12986
1	110	3.23007
1	111	3.32936
1	112	3.427
1	113	3.52199
1	114	3.61292
1	115	3.69777
1	116	3.77363
1	117	3.83632
1	118	3.87984
1	119	3.8958
1	120	3.87306
1	121	3.79804
1	122	3.65693
1	123	3.44062
1	124	3.15217
1	125	2.81261
1	126	2.45868
1	127	2.13055
1	128	1.85753
1	129	1.65185
1	130	1.51191
1	131	1.42909
1	132	1.39288
1	133	1.39309
1	134	1.42067
1	135	1.4681
1	136	1.52955
1	137	1.60083
1	138	1.67909
1	139	1.76245
1	140	1.84969
1	141	1.93999
1	142	2.03281
1	143	2.12777
1	144	2.22462
1	145	2.32313
1	146	2.42315
1	147	2.52456
1	148	2.62723
1	149	2.73106
1	150	2.83597
1	151	2.94186
1	152	3.04863
1	153	3.15619
1	154	3.26442
1	155	3.37318
1	156	3.4823
1	157	3.59154
1	158	3.70058
1	159	3.80895
1	160	3.91594
1	161	4.02047
1	162	4.12085
1	163	4.21434
1	164	4.29656
1	165	4.36037
1	166	4.39435
1	167	4.3807
1	168	4.29369
1	169	4.10121
1	170	3.775
1	171	3.313
1	172	2.76187
1	173	2.20923
1	174	1.73787
1	175	1.38618
1	176	1.14918
1	177	1.00264
1	178	0.92251
1	179	0.891385
1	180	0.89673
1	181	0.928264
1	182	0.977521
1	183	1.03829
1	184	1.10655
1	185	1.17994
1	186	1.25711
1	187	1.33731
1	188	1.42011
1	189	1.50522
1	190	1.59246
1	191	1.68166
1	192	1.77273
1	193	1.86554
1	194	1.96002
1	195	2.05607
1	196	2.15363
1	197	2.25261
1	198	2.35295
1	199	2.45458
1	200	2.55744
1	201	2.66148
1	202	2.76664
1	203	2.87287
1	204	2.98012
1	205	3.08834
1	206	3.19749
1	207	3.30753
1	208	3.41842
1	209	3.53012
1	210	3.64258
1	211	3.75578
1	212	3.86968
1	213	3.98422
1	214	4.09936
1	215	4.21505
1	216	4.33119
1	217	4.44766
1	218	4.56427
1	219	4.68067
1	220	4.79629
1	221	4.91003
1	222	5.01986
1	223	5.12186
1	224	5.20837
1	225	5.26437
1	226	5.26089
1	227	5.14509
1	228	4.83355
1	229	4.23552
1	230	3.34542
1	231	2.34102
1	232	1.48223
1	233	0.891533
1	234	0.535297
1	235	0.335537
1	236	0.229553
1	237	0.175208
1	238	0.143114
1	239	0.113748
1	240	0.0806203
1	241	0.0489113
1	242	0.0254588
1	243	0.0116594
1	244	0.00484227
1	245	0.00187192
1	246	0.00068685
1	247	0.000242493
1	248	8.31454e-05
1	249	2.78632e-05
1	250	9.1661e-06
1	251	2.96925e-06
1	252	9.4929e-07
1	253	3.00036e-07
1	254	9.38708e-08
1	255	2.91009e-08
1	256	8.94642e-09
1	257	2.72923e-09
1	258	8.26632e-10
1	259	2.48688e-10
1	260	7.43413e-11
1	261	2.2089e-11
1	262	6.52544e-12
1	263	1.91705e-12
1	264	5.60187e-13
1	265	1.6285e-13
1	266	4.71052e-14
1	267	1.35592e-14
1	268	3.88453e-15
1	269	1.10772e-15
1	270	3.14451e-16
1	271	8.88687e-17
1	272	2.50065e-17
1	273	7.00642e-18
1	274	1.95484e-18
1	275	5.43159e-19
1	276	1.50303e-19
1	277	4.14243e-20
1	278	1.13714e-20
1	279	3.10932e-21
1	280	8.46893e-22
1	281	2.29784e-22
1	282	6.21095e-23
1	283	1.67247e-23
1	284	4.48678e-24
1	285	1.19923e-24
1	286	3.19358e-25
1	287	8.47363e-26
1	288	2.24023e-26
1	289	5.90142e-27
1	290	1.54908e-27
1	291	4.05187e-28
1	292	1.05611e-28
1	293	2.74315e-29
1	294	7.1004e-30
1	295	1.83155e-30
1	296	4.7083e-31
1	297	1.20623e-31
1	298	3.07982e-32
1	299	7.8371e-33
1	300	1.9876e-33
1	301	5.02405e-34
1	302	1.26572e-34
1	303	3.17824e-35
1	304	7.95439e-36
1	305	1.9843e-36
1	306	4.93391e-37
1	307	1.22284e-37
1	308	3.02095e-38
1	309	7.43913e-39
1	310	1.82604e-39
1	311	4.46802e-40
1	312	1.08978e-40
1	313	2.64968e-41
1	314	6.42212e-42
1	315	1.55168e-42
1	316	3.73738e-43
1	317	8.9739e-44
1	318	2.14807e-44
1	319	5.12595e-45
1	320	1.21945e-45
1	321	2.89214e-46
1	322	6.8383e-47
1	323	1.61196e-47
1	324	3.78829e-48
1	325	8.87603e-49
1	326	2.07341e-49
1	327	4.82888e-50
1	328	1.12126e-50
1	329	2.59581e-51
1	330	5.99166e-52
1	331	1.3789e-52
1	332	3.164e-53
1	333	7.23869e-54
1	334	1.65123e-54
1	335	3.75566e-55
1	336	8.51718e-56
1	337	1.92594e-56
1	338	4.34241e-57
1	339	9.76253e-58
1	340	2.18848e-58
1	341	4.89186e-59
1	342	1.09034e-59
1	343	2.42331e-60
1	344	5.37055e-61
1	345	1.18684e-61
1	346	2.61515e-62
1	347	5.73426e-63
1	348	1.19943e-63
1	349	0
