2	500
0	0	0
0	1	0.0863851
0	2	0.0193192
0	3	0.119986
0	4	0.024072
0	5	0.137135
0	6	0.242183
0	7	0.622663
0	8	0.870568
0	9	0.987475
0	10	1.04286
0	11	1.06637
0	12	1.07279
0	13	1.06642
0	14	1.04298
0	15	0.986778
0	16	0.860681
0	17	0.585283
0	18	0.0212622
0	19	0.0454636
0	20	0.15982
0	21	0.0328203
0	22	0.0537383
0	23	0.189023
0	24	0.0564711
0	25	0.169028
0	26	0.267003
0	27	0.188418
0	28	0.161658
0	29	0.17187
0	30	0.182304
0	31	0.181647
0	32	0.172984
0	33	0.160483
0	34	0.146178
0	35	0.131142
0	36	0.116326
0	37	0.102611
0	38	0.0906562
0	39	0.0808236
0	40	0.0732233
0	41	0.067808
0	42	0.064471
0	43	0.0631206
0	44	0.0637293
0	45	0.0663642
0	46	0.0712019
0	47	0.0785334
0	48	0.0887496
0	49	0.102295
0	50	0.119559
0	51	0.140678
0	52	0.165223
0	53	0.191815
0	54	0.217829
0	55	0.239464
0	56	0.252462
0	57	0.253435
0	58	0.241274
0	59	0.217788
0	60	0.187112
0	61	0.154188
0	62	0.12318
0	63	0.0966115
0	64	0.0753515
0	65	0.0591323
0	66	0.0471431
0	67	0.0384588
0	68	0.0322601
0	69	0.0279068
0	70	0.0249344
0	71	0.0230245
0	72	0.0219716
0	73	0.0216583
0	74	0.0220379
0	75	0.0231267
0	76	0.0250032
0	77	0.0278159
0	78	0.031798
0	79	0.037291
0	80	0.0447767
0	81	0.0549158
0	82	0.0685855
0	83	0.086896
0	84	0.111144
0	85	0.142632
0	86	0.18224
0	87	0.229687
0	88	0.282532
0	89	0.335355
0	90	0.379922
0	91	0.40703
0	92	0.409745
0	93	0.386451
0	94	0.341781
0	95	0.284772
0	96	0.225372
0	97	0.171286
0	98	0.1266
0	99	0.0921687
0	100	0.0668743
0	101	0.0488366
0	102	0.0361745
0	103	0.0273352
0	104	0.021158
0	105	0.0168217
0	106	0.0137632
0	107	0.0116023
0	108	0.0100851
0	109	0.00904294
0	110	0.00836618
0	111	0.00798641
0	112	0.00786595
0	113	0.00799187
0	114	0.00837394
0	115	0.00904579
0	116	0.0100696
0	117	0.0115451
0	118	0.0136247
0	119	0.0165368
0	120	0.0206221
0	121	0.0263883
0	122	0.0345895
0	123	0.0463379
0	124	0.0632448
0	125	0.0875637
0	126	0.122241
0	127	0.170652
0	128	0.235618
0	129	0.317261
0	130	0.409852
0	131	0.499439
0	132	0.565595
0	133	0.588934
0	134	0.560706
0	135	0.487727
0	136	0.389147
0	137	0.287401
0	138	0.199256
0	139	0.131988
0	140	0.0851093
0	141	0.0543535
0	142	0.0348696
0	143	0.0227108
0	144	0.0151272
0	145	0.0103534
0	146	0.00730252
0	147	0.00531726
0	148	0.00400091
0	149	0.00311259
0	150	0.00250428
0	151	0.00208391
0	152	0.00179346
0	153	0.00159614
0	154	0.00146874
0	155	0.00139709
0	156	0.00137343
0	157	0.00139504
0	158	0.00146366
0	159	0.00158578
0	160	0.00177361
0	161	0.00204714
0	162	0.00243756
0	163	0.00299305
0	164	0.00378826
0	165	0.00493992
0	166	0.00663293
0	167	0.00916407
0	168	0.0130158
0	169	0.0189809
0	170	0.0283704
0	171	0.0433507
0	172	0.0674544
0	173	0.10624
0	174	0.167798
0	175	0.262059
0	176	0.396682
0	177	0.567392
0	178	0.746641
0	179	0.885028
0	180	0.934499
0	181	0.875928
0	182	0.72824
0	183	0.537528
0	184	0.35453
0	185	0.21219
0	186	0.117967
0	187	0.0625682
0	188	0.0324657
0	189	0.0168223
0	190	0.00883525
0	191	0.00474988
0	192	0.00262929
0	193	0.00150351
0	194	0.000889639
0	195	0.000545146
0	196	0.000346056
0	197	0.000227592
0	198	0.000155072
0	199	0.000109453
0	200	8.00164e-05
0	201	6.05779e-05
0	202	4.74841e-05
0	203	3.85293e-05
0	204	3.23554e-05
0	205	2.81133e-05
0	206	2.52687e-05
0	207	2.34882e-05
0	208	2.25736e-05
0	209	2.24244e-05
0	210	2.30195e-05
0	211	2.4412e-05
0	212	2.67379e-05
0	213	3.02374e-05
0	214	3.52965e-05
0	215	4.25173e-05
0	216	5.28351e-05
0	217	6.77137e-05
0	218	8.94749e-05
0	219	0.000121863
0	220	0.000171023
0	221	0.000247244
0	222	0.000368086
0	223	0.000564141
0	224	0.000889807
0	225	0.00144383
0	226	0.00240914
0	227	0.00413153
0	228	0.00727702
0	229	0.0131501
0	230	0.024338
0	231	0.0459941
0	232	0.0882599
0	233	0.170196
0	234	0.32356
0	235	0.587004
0	236	0.970776
0	237	1.40306
0	238	1.75468
0	239	1.94924
0	240	1.99369
0	241	1.92019
0	242	1.74583
0	243	1.47605
0	244	1.13003
0	245	0.76168
0	246	0.444761
0	247	0.225933
0	248	0.101936
0	249	0.0419404
0	250	0.016115
0	251	0.00588903
0	252	0.0020734
0	253	0.000709587
0	254	0.000237492
0	255	7.80641e-05
0	256	2.52765e-05
0	257	8.07971e-06
0	258	2.55389e-06
0	259	7.99248e-07
0	260	2.47891e-07
0	261	7.62568e-08
0	262	2.32816e-08
0	263	7.0581e-09
0	264	2.12566e-09
0	265	6.36193e-10
0	266	1.89282e-10
0	267	5.59973e-11
0	268	1.64765e-11
0	269	4.8227e-12
0	270	1.40449e-12
0	271	4.07021e-13
0	272	1.17394e-13
0	273	3.37023e-14
0	274	9.63175e-15
0	275	2.74048e-15
0	276	7.76357e-16
0	277	2.19001e-16
0	278	6.15199e-17
0	279	1.72106e-17
0	280	4.79533e-18
0	281	1.33078e-18
0	282	3.67859e-19
0	283	1.0129e-19
0	284	2.77834e-20
0	285	7.59196e-21
0	286	2.06676e-21
0	287	5.60544e-22
0	288	1.51471e-22
0	289	4.07818e-23
0	290	1.09403e-23
0	291	2.92441e-24
0	292	7.78932e-25
0	293	2.06742e-25
0	294	5.46809e-26
0	295	1.44123e-26
0	296	3.78554e-27
0	297	9.90909e-28
0	298	2.58499e-28
0	299	6.72066e-29
0	300	1.74142e-29
0	301	4.49717e-30
0	302	1.15752e-30
0	303	2.9695e-31
0	304	7.59286e-32
0	305	1.93511e-32
0	306	4.91575e-33
0	307	1.2447e-33
0	308	3.14152e-34
0	309	7.9035e-35
0	310	1.98203e-35
0	311	4.95471e-36
0	312	1.23467e-36
0	313	3.06699e-37
0	314	7.5947e-38
0	315	1.87478e-38
0	316	4.61356e-39
0	317	1.13181e-39
0	318	2.76804e-40
0	319	6.74889e-41
0	320	1.64044e-41
0	321	3.97523e-42
0	322	9.60377e-43
0	323	2.31316e-43
0	324	5.55465e-44
0	325	1.32984e-44
0	326	3.17425e-45
0	327	7.55414e-46
0	328	1.7924e-46
0	329	4.24029e-47
0	330	1.00016e-47
0	331	2.35216e-48
0	332	5.51551e-49
0	333	1.28953e-49
0	334	3.00616e-50
0	335	6.9876e-51
0	336	1.61951e-51
0	337	3.74269e-52
0	338	8.62446e-53
0	339	1.98167e-53
0	340	4.54034e-54
0	341	1.0373e-54
0	342	2.36311e-55
0	343	5.36821e-56
0	344	1.21604e-56
0	345	2.74688e-57
0	346	6.18741e-58
0	347	1.38983e-58
0	348	3.11313e-59
0	349	6.95381e-60
0	350	1.54896e-60
0	351	3.44075e-61
0	352	7.62194e-62
0	353	1.68376e-62
0	354	3.70937e-63
0	355	8.14948e-64
0	356	1.78555e-64
0	357	3.90148e-65
0	358	8.50169e-66
0	359	1.84758e-66
0	360	4.0043e-67
0	361	8.65523e-68
0	362	1.86579e-68
0	363	4.01125e-69
0	364	8.60073e-70
0	365	1.83921e-70
0	366	3.92258e-71
0	367	8.3437e-72
0	368	1.77009e-72
0	369	3.74529e-73
0	370	7.9037e-74
0	371	1.66354e-74
0	372	3.49221e-75
0	373	7.3119e-76
0	374	1.52696e-76
0	375	3.1805e-77
0	376	6.60748e-78
0	377	1.36915e-78
0	378	2.82975e-79
0	379	5.83344e-80
0	380	1.19946e-80
0	381	2.45999e-81
0	382	5.03235e-82
0	383	1.02684e-82
0	384	2.0899e-83
0	385	4.24276e-84
0	386	8.59156e-85
0	387	1.7354e-85
0	388	3.49648e-86
0	389	7.02702e-87
0	390	1.40871e-87
0	391	2.81701e-88
0	392	5.61913e-89
0	393	1.11807e-89
0	394	2.21917e-90
0	395	4.39374e-91
0	396	8.67772e-92
0	397	1.70964e-92
0	398	3.35998e-93
0	399	6.58721e-94
0	400	1.28826e-94
0	401	2.51329e-95
0	402	4.89129e-96
0	403	9.49615e-97
0	404	1.83915e-97
0	405	3.55334e-98
0	406	6.84866e-99
0	407	1.31682e-99
0	408	2.52584e-100
0	409	4.83327e-101
0	410	9.2265e-102
0	411	1.75709e-102
0	412	3.33824e-103
0	413	6.32715e-104
0	414	1.19637e-104
0	415	2.25683e-105
0	416	4.2472e-106
0	417	7.97415e-107
0	418	1.49363e-107
0	419	2.79115e-108
0	420	5.20363e-109
0	421	9.67864e-110
0	422	1.79601e-110
0	423	3.32502e-111
0	424	6.14145e-112
0	425	1.13173e-112
0	426	2.08069e-113
0	427	3.81656e-114
0	428	6.98452e-115
0	429	1.27527e-115
0	430	2.32314e-116
0	431	4.22234e-117
0	432	7.65667e-118
0	433	1.38528e-118
0	434	2.50062e-119
0	435	4.50374e-120
0	436	8.09313e-121
0	437	1.45104e-121
0	438	2.59574e-122
0	439	4.63305e-123
0	440	8.25084e-124
0	441	1.46608e-124
0	442	2.59923e-125
0	443	4.59794e-126
0	444	8.1155e-127
0	445	1.42923e-127
0	446	2.51146e-128
0	447	4.40342e-129
0	448	7.70362e-130
0	449	1.34475e-130
0	450	2.34226e-131
0	451	4.07075e-132
0	452	7.05933e-133
0	453	1.22152e-133
0	454	2.10908e-134
0	455	3.63363e-135
0	456	6.24659e-136
0	457	1.07153e-136
0	458	1.83411e-137
0	459	3.13262e-138
0	460	5.33894e-139
0	461	9.07962e-140
0	462	1.54081e-140
0	463	2.60914e-141
0	464	4.40879e-142
0	465	7.43384e-143
0	466	1.25078e-143
0	467	2.10004e-144
0	468	3.51845e-145
0	469	5.88242e-146
0	470	9.81391e-147
0	471	1.63385e-147
0	472	2.71436e-148
0	473	4.49998e-149
0	474	7.44463e-150
0	475	1.22904e-150
0	476	2.0248e-151
0	477	3.32882e-152
0	478	5.46131e-153
0	479	8.94129e-154
0	480	1.46084e-154
0	481	2.38181e-155
0	482	3.87538e-156
0	483	6.29253e-157
0	484	1.01963e-157
0	485	1.6488e-158
0	486	2.66074e-159
0	487	4.28498e-160
0	488	6.88665e-161
0	489	1.10454e-161
0	490	1.76796e-162
0	491	2.82409e-163
0	492	4.502e-164
0	493	7.16232e-165
0	494	1.13717e-165
0	495	1.80185e-166
0	496	2.84927e-167
0	497	4.4939e-168
0	498	6.90752e-169
0	499	0
1	0	0
1	1	-0.292813
1	2	11.6647
1	3	-0.358121
1	4	12.3417
1	5	-0.353496
1	6	24.4061
1	7	-0.570483
1	8	-0.603057
1	9	-0.606712
1	10	-0.605744
1	11	-0.604882
1	12	-0.604607
1	13	-0.604861
1	14	-0.605746
1	15	-0.607449
1	16	-0.608886
1	17	-0.595771
1	18	30.8772
1	19	4.83135
1	20	-0.415081
1	21	7.43771
1	22	4.99398
1	23	-0.447238
1	24	7.29191
1	25	2.56425
1	26	1.81444
1	27	3.02876
1	28	2.9875
1	29	2.66737
1	30	2.53491
1	31	2.50804
1	32	2.49382
1	33	2.47071
1	34	2.44915
1	35	2.43934
1	36	2.44492
1	37	2.46564
1	38	2.49981
1	39	2.5454
1	40	2.6003
1	41	2.66232
1	42	2.72923
1	43	2.79866
1	44	2.86812
1	45	2.93491
1	46	2.99601
1	47	3.04802
1	48	3.08703
1	49	3.10871
1	50	3.10843
1	51	3.08186
1	52	3.02585
1	53	2.9397
1	54	2.82646
1	55	2.69362
1	56	2.55237
1	57	2.41561
1	58	2.29511
1	59	2.19942
1	60	2.13299
1	61	2.09651
1	62	2.08796
1	63	2.1037
1	64	2.13947
1	65	2.19107
1	66	2.2548
1	67	2.32761
1	68	2.4071
1	69	2.49143
1	70	2.57917
1	71	2.66921
1	72	2.76064
1	73	2.85265
1	74	2.9445
1	75	3.03537
1	76	3.1244
1	77	3.21052
1	78	3.29238
1	79	3.36827
1	80	3.4359
1	81	3.49227
1	82	3.53344
1	83	3.55439
1	84	3.54897
1	85	3.51027
1	86	3.43151
1	87	3.30798
1	88	3.13952
1	89	2.93308
1	90	2.70327
1	91	2.46998
1	92	2.2534
1	93	2.06901
1	94	1.92525
1	95	1.824
1	96	1.76259
1	97	1.73597
1	98	1.73819
1	99	1.76343
1	100	1.80649
1	101	1.86308
1	102	1.92987
1	103	2.00433
1	104	2.08465
1	105	2.1695
1	106	2.25792
1	107	2.3492
1	108	2.44281
1	109	2.53832
1	110	2.6354
1	111	2.73374
1	112	2.83307
1	113	2.93309
1	114	3.03352
1	115	3.134
1	116	3.23409
1	117	3.33326
1	118	3.43075
1	119	3.52557
1	120	3.61627
1	121	3.70084
1	122	3.77633
1	123	3.83852
1	124	3.88136
1	125	3.89641
1	126	3.87244
1	127	3.79586
1	128	3.6529
1	129	3.43467
1	130	3.14462
1	131	2.80422
1	132	2.45044
1	133	2.12334
1	134	1.85181
1	135	1.64768
1	136	1.50912
1	137	1.42743
1	138	1.39209
1	139	1.39293
1	140	1.42095
1	141	1.46867
1	142	1.53029
1	143	1.60168
1	144	1.68
1	145	1.76339
1	146	1.85063
1	147	1.94093
1	148	2.03373
1	149	2.12868
1	150	2.2255
1	151	2.32398
1	152	2.42398
1	153	2.52535
1	154	2.62799
1	155	2.73179
1	156	2.83667
1	157	2.94252
1	158	3.04926
1	159	3.15678
1	160	3.26497
1	161	3.3737
1	162	3.48278
1	163	3.59198
1	164	3.70099
1	165	3.80932
1	166	3.91628
1	167	4.02077
1	168	4.12111
1	169	4.21457
1	170	4.29677
1	171	4.36057
1	172	4.39454
1	173	4.38093
1	174	4.29399
1	175	4.10165
1	176	3.77564
1	177	3.31384
1	178	2.76283
1	179	2.21016
1	180	1.73863
1	181	1.38671
1	182	1.1495
1	183	1.00278
1	184	0.922506
1	185	0.891258
1	186	0.896496
1	187	0.927942
1	188	0.977129
1	189	1.03784
1	190	1.10605
1	191	1.1794
1	192	1.25653
1	193	1.3367
1	194	1.41946
1	195	1.50454
1	196	1.59174
1	197	1.68091
1	198	1.77194
1	199	1.86472
1	200	1.95916
1	201	2.05519
1	202	2.15271
1	203	2.25165
1	204	2.35196
1	205	2.45356
1	206	2.55639
1	207	2.6604
1	208	2.76553
1	209	2.87173
1	210	2.97894
1	211	3.08714
1	212	3.19626
1	213	3.30627
1	214	3.41713
1	215	3.5288
1	216	3.64124
1	217	3.75441
1	218	3.86828
1	219	3.98279
1	220	4.09791
1	221	4.21357
1	222	4.32969
1	223	4.44614
1	224	4.56273
1	225	4.67912
1	226	4.79474
1	227	4.9085
1	228	5.01839
1	229	5.12052
1	230	5.20731
1	231	5.26388
1	232	5.26153
1	233	5.14786
1	234	4.83986
1	235	4.24643
1	236	3.35986
1	237	2.35526
1	238	1.49303
1	239	0.898414
1	240	0.539284
1	241	0.33771
1	242	0.230668
1	243	0.175784
1	244	0.143531
1	245	0.114221
1	246	0.0811449
1	247	0.0493605
1	248	0.0257553
1	249	0.011819
1	250	0.00491645
1	251	0.00190307
1	252	0.000699053
1	253	0.000247047
1	254	8.47868e-05
1	255	2.84399e-05
1	256	9.36476e-06
1	257	3.03662e-06
1	258	9.71839e-07
1	259	3.07501e-07
1	260	9.6318e-08
1	261	2.98962e-08
1	262	9.20288e-09
1	263	2.81132e-09
1	264	8.52723e-10
1	265	2.56927e-10
1	266	7.69267e-11
1	267	2.28954e-11
1	268	6.77547e-12
1	269	1.99413e-12
1	270	5.8382e-13
1	271	1.70056e-13
1	272	4.92906e-14
1	273	1.42185e-14
1	274	4.0824e-15
1	275	1.16681e-15
1	276	3.32007e-16
1	277	9.40588e-17
1	278	2.65334e-17
1	279	7.45351e-18
1	280	2.08513e-18
1	281	5.80946e-19
1	282	1.61212e-19
1	283	4.45594e-20
1	284	1.22683e-20
1	285	3.36476e-21
1	286	9.19321e-22
1	287	2.50231e-22
1	288	6.78566e-23
1	289	1.83332e-23
1	290	4.93505e-24
1	291	1.32364e-24
1	292	3.53738e-25
1	293	9.41986e-26
1	294	2.49958e-26
1	295	6.60943e-27
1	296	1.74158e-27
1	297	4.57318e-28
1	298	1.19673e-28
1	299	3.12097e-29
1	300	8.11159e-30
1	301	2.10114e-30
1	302	5.4243e-31
1	303	1.39567e-31
1	304	3.57914e-32
1	305	9.14829e-33
1	306	2.33063e-33
1	307	5.91818e-34
1	308	1.49792e-34
1	309	3.77906e-35
1	310	9.50342e-36
1	311	2.38223e-36
1	312	5.95251e-37
1	313	1.48264e-37
1	314	3.68128e-38
1	315	9.11157e-39
1	316	2.24815e-39
1	317	5.52968e-40
1	318	1.35589e-40
1	319	3.31438e-41
1	320	8.0768e-42
1	321	1.96219e-42
1	322	4.75241e-43
1	323	1.14752e-43
1	324	2.76241e-44
1	325	6.62978e-45
1	326	1.58635e-45
1	327	3.78438e-46
1	328	9.00095e-47
1	329	2.13445e-47
1	330	5.0465e-48
1	331	1.18962e-48
1	332	2.79602e-49
1	333	6.55231e-50
1	334	1.53099e-50
1	335	3.56683e-51
1	336	8.28559e-52
1	337	1.91912e-52
1	338	4.43224e-53
1	339	1.02068e-53
1	340	2.34371e-54
1	341	5.36628e-55
1	342	1.22518e-55
1	343	2.78924e-56
1	344	6.33193e-57
1	345	1.43336e-57
1	346	3.23554e-58
1	347	7.28306e-59
1	348	1.63478e-59
1	349	3.65922e-60
1	350	8.16779e-61
1	351	1.81807e-61
1	352	4.0356e-62
1	353	8.93313e-63
1	354	1.97196e-63
1	355	4.34108e-64
1	356	9.53023e-65
1	357	2.08651e-65
1	358	4.55564e-66
1	359	9.91963e-67
1	360	2.15408e-67
1	361	4.66499e-68
1	362	1.00755e-68
1	363	2.17026e-69
1	364	4.66219e-70
1	365	9.98858e-71
1	366	2.13431e-71
1	367	4.54832e-72
1	368	9.66698e-73
1	369	2.04917e-73
1	370	4.33228e-74
1	371	9.13502e-75
1	372	1.92114e-75
1	373	4.02966e-76
1	374	8.43025e-77
1	375	1.75905e-77
1	376	3.66088e-78
1	377	7.59911e-79
1	378	1.57331e-79
1	379	3.24896e-80
1	380	6.69196e-81
1	381	1.37482e-81
1	382	2.81723e-82
1	383	5.75822e-83
1	384	1.17394e-83
1	385	2.38723e-84
1	386	4.84218e-85
1	387	9.79686e-86
1	388	1.97713e-86
1	389	3.98003e-87
1	390	7.9918e-88
1	391	1.60071e-88
1	392	3.19811e-89
1	393	6.37366e-90
1	394	1.26707e-90
1	395	2.51266e-91
1	396	4.97038e-92
1	397	9.80776e-93
1	398	1.93054e-93
1	399	3.79067e-94
1	400	7.42483e-95
1	401	1.45075e-95
1	402	2.82771e-96
1	403	5.49817e-97
1	404	1.06646e-97
1	405	2.06355e-98
1	406	3.9832e-99
1	407	7.67006e-100
1	408	1.47339e-100
1	409	2.82353e-101
1	410	5.39787e-102
1	411	1.02947e-102
1	412	1.95868e-103
1	413	3.71773e-104
1	414	7.03978e-105
1	415	1.32987e-105
1	416	2.50628e-106
1	417	4.71218e-107
1	418	8.83874e-108
1	419	1.654e-108
1	420	3.08789e-109
1	421	5.75135e-110
1	422	1.06871e-110
1	423	1.98125e-111
1	424	3.66444e-112
1	425	6.76184e-113
1	426	1.24485e-113
1	427	2.28645e-114
1	428	4.18992e-115
1	429	7.66035e-116
1	430	1.39731e-116
1	431	2.54297e-117
1	432	4.61739e-118
1	433	8.36486e-119
1	434	1.51193e-119
1	435	2.72657e-120
1	436	4.90586e-121
1	437	8.80705e-122
1	438	1.57748e-122
1	439	2.81915e-123
1	440	5.02685e-124
1	441	8.94328e-125
1	442	1.58754e-125
1	443	2.81178e-126
1	444	4.969e-127
1	445	8.76171e-128
1	446	1.5415e-128
1	447	2.70604e-129
1	448	4.73985e-130
1	449	8.2839e-131
1	450	1.4446e-131
1	451	2.51365e-132
1	452	4.36424e-133
1	453	7.56067e-134
1	454	1.30696e-134
1	455	2.25433e-135
1	456	3.87994e-136
1	457	6.6633e-137
1	458	1.14186e-137
1	459	1.95251e-138
1	460	3.33147e-139
1	461	5.67209e-140
1	462	9.63641e-141
1	463	1.63363e-141
1	464	2.76352e-142
1	465	4.6649e-143
1	466	7.85767e-144
1	467	1.32075e-144
1	468	2.21525e-145
1	469	3.70769e-146
1	470	6.19247e-147
1	471	1.03206e-147
1	472	1.71645e-148
1	473	2.84867e-149
1	474	4.7178e-150
1	475	7.79698e-151
1	476	1.28589e-151
1	477	2.11628e-152
1	478	3.47565e-153
1	479	5.69632e-154
1	480	9.31646e-155
1	481	1.52057e-155
1	482	2.47664e-156
1	483	4.02551e-157
1	484	6.52957e-158
1	485	1.05695e-158
1	486	1.70738e-159
1	487	2.75243e-160
1	488	4.42805e-161
1	489	7.10922e-162
1	490	1.13906e-162
1	491	1.82132e-163
1	492	2.90631e-164
1	493	4.62827e-165
1	494	7.35556e-166
1	495	1.16664e-166
1	496	1.8466e-167
1	497	2.9153e-168
1	498	4.48519e-169
1	499	0
