2	350
0	0	0
0	1	0.0863865
0	2	0.0192831
0	3	0.117715
0	4	0.0197341
0	5	0.126603
0	6	0.0259784
0	7	0.587924
0	8	0.861989
0	9	0.987442
0	10	1.04334
0	11	1.06663
0	12	1.07291
0	13	1.06641
0	14	1.04276
0	15	0.986405
0	16	0.865254
0	17	0.602401
0	18	0.473121
0	19	0.0309622
0	20	0.166451
0	21	0.0321441
0	22	0.0476034
0	23	0.158597
0	24	0.0261253
0	25	0.0662603
0	26	0.195363
0	27	0.0528102
0	28	0.0926027
0	29	0.152219
0	30	0.166887
0	31	0.15997
0	32	0.155248
0	33	0.15246
0	34	0.147745
0	35	0.140253
0	36	0.130973
0	37	0.121079
0	38	0.111411
0	39	0.102524
0	40	0.0947885
0	41	0.0884465
0	42	0.0836393
0	43	0.0804387
0	44	0.0788818
0	45	0.0790031
0	46	0.0808587
0	47	0.0845389
0	48	0.0901681
0	49	0.0978878
0	50	0.107818
0	51	0.119991
0	52	0.134247
0	53	0.150112
0	54	0.166665
0	55	0.182476
0	56	0.19568
0	57	0.204265
0	58	0.206551
0	59	0.201701
0	60	0.190058
0	61	0.173088
0	62	0.152971
0	63	0.131993
0	64	0.11204
0	65	0.0943285
0	66	0.0794134
0	67	0.0673494
0	68	0.0578976
0	69	0.0506975
0	70	0.0453793
0	71	0.0416216
0	72	0.0391744
0	73	0.0378641
0	74	0.0375889
0	75	0.0383155
0	76	0.0400766
0	77	0.0429723
0	78	0.0471749
0	79	0.0529374
0	80	0.0606014
0	81	0.0706023
0	82	0.0834608
0	83	0.0997481
0	84	0.12
0	85	0.144554
0	86	0.173294
0	87	0.205308
0	88	0.238566
0	89	0.269804
0	90	0.294843
0	91	0.309472
0	92	0.310689
0	93	0.297784
0	94	0.27268
0	95	0.23933
0	96	0.202467
0	97	0.166313
0	98	0.133781
0	99	0.106311
0	100	0.084162
0	101	0.0668738
0	102	0.0536692
0	103	0.0437232
0	104	0.0362999
0	105	0.0308013
0	106	0.0267685
0	107	0.0238629
0	108	0.0218428
0	109	0.020543
0	110	0.0198586
0	111	0.0197341
0	112	0.0201577
0	113	0.0211597
0	114	0.0228159
0	115	0.0252558
0	116	0.028676
0	117	0.0333613
0	118	0.0397126
0	119	0.0482824
0	120	0.0598146
0	121	0.0752768
0	122	0.0958588
0	123	0.122885
0	124	0.157558
0	125	0.200421
0	126	0.250515
0	127	0.30439
0	128	0.355551
0	129	0.39517
0	130	0.414497
0	131	0.408209
0	132	0.376856
0	133	0.326832
0	134	0.267815
0	135	0.209232
0	136	0.157639
0	137	0.115982
0	138	0.0843645
0	139	0.06134
0	140	0.0449863
0	141	0.033513
0	142	0.0254906
0	143	0.0198683
0	144	0.0159089
0	145	0.0131082
0	146	0.0111262
0	147	0.00973521
0	148	0.00878437
0	149	0.00817572
0	150	0.00784888
0	151	0.00777183
0	152	0.00793592
0	153	0.00835447
0	154	0.00906445
0	155	0.0101317
0	156	0.0116604
0	157	0.0138089
0	158	0.0168141
0	159	0.0210287
0	160	0.026978
0	161	0.0354417
0	162	0.0475675
0	163	0.0650141
0	164	0.0900905
0	165	0.125792
0	166	0.175494
0	167	0.241896
0	168	0.324785
0	169	0.417862
0	170	0.506576
0	171	0.570294
0	172	0.590139
0	173	0.558412
0	174	0.482967
0	175	0.383452
0	176	0.282104
0	177	0.195081
0	178	0.129064
0	179	0.0832188
0	180	0.0531914
0	181	0.0341732
0	182	0.0222962
0	183	0.0148784
0	184	0.0102014
0	185	0.00720737
0	186	0.00525587
0	187	0.00395995
0	188	0.00308421
0	189	0.0024838
0	190	0.00206845
0	191	0.00178122
0	192	0.00158593
0	193	0.00145975
0	194	0.00138873
0	195	0.00136521
0	196	0.00138651
0	197	0.00145434
0	198	0.0015751
0	199	0.00176083
0	200	0.00203122
0	201	0.00241696
0	202	0.00296549
0	203	0.00375021
0	204	0.0048858
0	205	0.0065538
0	206	0.00904535
0	207	0.0128334
0	208	0.0186944
0	209	0.0279119
0	210	0.0426067
0	211	0.0662388
0	212	0.104262
0	213	0.16465
0	214	0.257289
0	215	0.390089
0	216	0.559576
0	217	0.739426
0	218	0.880951
0	219	0.935431
0	220	0.882009
0	221	0.737853
0	222	0.548085
0	223	0.363702
0	224	0.218846
0	225	0.122182
0	226	0.0649965
0	227	0.033786
0	228	0.0175203
0	229	0.00920194
0	230	0.00494419
0	231	0.00273409
0	232	0.00156136
0	233	0.000922415
0	234	0.000564226
0	235	0.000357472
0	236	0.00023461
0	237	0.0001595
0	238	0.000112317
0	239	8.19116e-05
0	240	6.1857e-05
0	241	4.83611e-05
0	242	3.91363e-05
0	243	3.27753e-05
0	244	2.83986e-05
0	245	2.54523e-05
0	246	2.35903e-05
0	247	2.26048e-05
0	248	2.23883e-05
0	249	2.29128e-05
0	250	2.42244e-05
0	251	2.64503e-05
0	252	2.98186e-05
0	253	3.46979e-05
0	254	4.16634e-05
0	255	5.16085e-05
0	256	6.59289e-05
0	257	8.68348e-05
0	258	0.000117883
0	259	0.000164899
0	260	0.00023761
0	261	0.000352583
0	262	0.000538608
0	263	0.000846746
0	264	0.00136945
0	265	0.00227759
0	266	0.0038933
0	267	0.00683566
0	268	0.0123147
0	269	0.0227268
0	270	0.0428441
0	271	0.0820781
0	272	0.158247
0	273	0.301612
0	274	0.551034
0	275	0.922832
0	276	1.35576
0	277	1.72208
0	278	1.93537
0	279	1.99545
0	280	1.9345
0	281	1.77184
0	282	1.51312
0	283	1.17435
0	284	0.805012
0	285	0.478624
0	286	0.247248
0	287	0.113132
0	288	0.0470714
0	289	0.0182488
0	290	0.00671821
0	291	0.0023806
0	292	0.00081956
0	293	0.00027587
0	294	9.11965e-05
0	295	2.97005e-05
0	296	9.55106e-06
0	297	3.03794e-06
0	298	9.56998e-07
0	299	2.98873e-07
0	300	9.26093e-08
0	301	2.84904e-08
0	302	8.70664e-09
0	303	2.64425e-09
0	304	7.98391e-10
0	305	2.39733e-10
0	306	7.16069e-11
0	307	2.12814e-11
0	308	6.29433e-12
0	309	1.85303e-12
0	310	5.4308e-13
0	311	1.58473e-13
0	312	4.60482e-14
0	313	1.33254e-14
0	314	3.84064e-15
0	315	1.10261e-15
0	316	3.15332e-16
0	317	8.98412e-17
0	318	2.5502e-17
0	319	7.21259e-18
0	320	2.03259e-18
0	321	5.7079e-19
0	322	1.59731e-19
0	323	4.45459e-20
0	324	1.23809e-20
0	325	3.42957e-21
0	326	9.46857e-22
0	327	2.60557e-22
0	328	7.14675e-23
0	329	1.95396e-23
0	330	5.32519e-24
0	331	1.44671e-24
0	332	3.91799e-25
0	333	1.05777e-25
0	334	2.84695e-26
0	335	7.63895e-27
0	336	2.04345e-27
0	337	5.44981e-28
0	338	1.44908e-28
0	339	3.84152e-29
0	340	1.01537e-29
0	341	2.67587e-30
0	342	7.0312e-31
0	343	1.84215e-31
0	344	4.81237e-32
0	345	1.25352e-32
0	346	3.25494e-33
0	347	8.39561e-34
0	348	2.03372e-34
0	349	0
1	0	0
1	1	-0.292177
1	2	11.5732
1	3	-0.356147
1	4	13.3971
1	5	-0.377564
1	6	28.5765
1	7	-0.59614
1	8	-0.60894
1	9	-0.607466
1	10	-0.605753
1	11	-0.604857
1	12	-0.604591
1	13	-0.604858
1	14	-0.60578
1	15	-0.60727
1	16	-0.604467
1	17	-0.568942
1	18	24.3387
1	19	4.34217
1	20	-0.42326
1	21	7.57057
1	22	4.90817
1	23	-0.425597
1	24	9.65695
1	25	4.31331
1	26	-0.484786
1	27	6.48171
1	28	3.0244
1	29	2.38248
1	30	2.55157
1	31	2.69959
1	32	2.66605
1	33	2.59977
1	34	2.56046
1	35	2.54328
1	36	2.53669
1	37	2.5372
1	38	2.54577
1	39	2.56348
1	40	2.59021
1	41	2.62487
1	42	2.66585
1	43	2.71132
1	44	2.75934
1	45	2.80783
1	46	2.85461
1	47	2.89729
1	48	2.93333
1	49	2.96002
1	50	2.97455
1	51	2.97422
1	52	2.95673
1	53	2.9206
1	54	2.86573
1	55	2.79392
1	56	2.70904
1	57	2.61689
1	58	2.52444
1	59	2.43873
1	60	2.36581
1	61	2.30999
1	62	2.27355
1	63	2.25691
1	64	2.25906
1	65	2.27807
1	66	2.31152
1	67	2.35692
1	68	2.4119
1	69	2.47432
1	70	2.54237
1	71	2.61448
1	72	2.68931
1	73	2.76566
1	74	2.84243
1	75	2.91853
1	76	2.99282
1	77	3.06407
1	78	3.13082
1	79	3.19135
1	80	3.24359
1	81	3.28502
1	82	3.31265
1	83	3.323
1	84	3.3123
1	85	3.27684
1	86	3.21364
1	87	3.1214
1	88	3.00159
1	89	2.8592
1	90	2.70273
1	91	2.54305
1	92	2.39145
1	93	2.25757
1	94	2.14801
1	95	2.06598
1	96	2.01182
1	97	1.98377
1	98	1.9789
1	99	1.9938
1	100	2.02504
1	101	2.06947
1	102	2.12444
1	103	2.18771
1	104	2.25754
1	105	2.33253
1	106	2.41155
1	107	2.49374
1	108	2.57836
1	109	2.66478
1	110	2.75244
1	111	2.84078
1	112	2.92925
1	113	3.01722
1	114	3.10397
1	115	3.18861
1	116	3.27003
1	117	3.34677
1	118	3.41693
1	119	3.47798
1	120	3.52661
1	121	3.5585
1	122	3.56822
1	123	3.54933
1	124	3.49487
1	125	3.39865
1	126	3.25734
1	127	3.07314
1	128	2.85571
1	129	2.62182
1	130	2.39187
1	131	2.18463
1	132	2.01313
1	133	1.88332
1	134	1.79525
1	135	1.74531
1	136	1.72805
1	137	1.73757
1	138	1.76825
1	139	1.81524
1	140	1.87458
1	141	1.94324
1	142	2.01896
1	143	2.10009
1	144	2.18545
1	145	2.27415
1	146	2.36555
1	147	2.45916
1	148	2.55459
1	149	2.65152
1	150	2.74966
1	151	2.84873
1	152	2.94846
1	153	3.04856
1	154	3.14866
1	155	3.24833
1	156	3.34702
1	157	3.44396
1	158	3.53811
1	159	3.62802
1	160	3.71159
1	161	3.7858
1	162	3.8463
1	163	3.88688
1	164	3.8989
1	165	3.87095
1	166	3.78934
1	167	3.64049
1	168	3.41624
1	169	3.12127
1	170	2.7784
1	171	2.42524
1	172	2.10134
1	173	1.83434
1	174	1.63488
1	175	1.5004
1	176	1.42198
1	177	1.3891
1	178	1.3917
1	179	1.4209
1	180	1.46933
1	181	1.53135
1	182	1.60293
1	183	1.6813
1	184	1.76465
1	185	1.8518
1	186	1.94197
1	187	2.03463
1	188	2.12941
1	189	2.22605
1	190	2.32436
1	191	2.42416
1	192	2.52534
1	193	2.62778
1	194	2.73138
1	195	2.83605
1	196	2.9417
1	197	3.04824
1	198	3.15556
1	199	3.26356
1	200	3.37209
1	201	3.48099
1	202	3.59001
1	203	3.69886
1	204	3.80705
1	205	3.9139
1	206	4.01834
1	207	4.11872
1	208	4.21236
1	209	4.29497
1	210	4.35957
1	211	4.39496
1	212	4.38372
1	213	4.30052
1	214	4.11347
1	215	3.79381
1	216	3.33768
1	217	2.78923
1	218	2.23475
1	219	1.75827
1	220	1.40056
1	221	1.15831
1	222	1.00774
1	223	0.924576
1	224	0.891091
1	225	0.894604
1	226	0.924773
1	227	0.973052
1	228	1.03312
1	229	1.10085
1	230	1.17381
1	231	1.25062
1	232	1.3305
1	233	1.41298
1	234	1.4978
1	235	1.58474
1	236	1.67366
1	237	1.76445
1	238	1.85699
1	239	1.95121
1	240	2.047
1	241	2.1443
1	242	2.24302
1	243	2.34311
1	244	2.4445
1	245	2.54713
1	246	2.65093
1	247	2.75586
1	248	2.86186
1	249	2.96888
1	250	3.07688
1	251	3.18582
1	252	3.29564
1	253	3.40632
1	254	3.51781
1	255	3.63008
1	256	3.74308
1	257	3.85678
1	258	3.97113
1	259	4.08609
1	260	4.2016
1	261	4.31757
1	262	4.4339
1	263	4.55039
1	264	4.66673
1	265	4.78237
1	266	4.89631
1	267	5.00668
1	268	5.10985
1	269	5.19879
1	270	5.25972
1	271	5.26594
1	272	5.16827
1	273	4.88706
1	274	4.32917
1	275	3.47108
1	276	2.46677
1	277	1.57871
1	278	0.953358
1	279	0.571224
1	280	0.355175
1	281	0.239677
1	282	0.180428
1	283	0.146777
1	284	0.117811
1	285	0.0851466
1	286	0.0528339
1	287	0.0280764
1	288	0.013079
1	289	0.005505
1	290	0.00215073
1	291	0.00079604
1	292	0.000283173
1	293	9.77707e-05
1	294	3.29846e-05
1	295	1.09237e-05
1	296	3.56283e-06
1	297	1.14714e-06
1	298	3.65258e-07
1	299	1.15166e-07
1	300	3.59947e-08
1	301	1.11611e-08
1	302	3.43569e-09
1	303	1.05051e-09
1	304	3.19199e-10
1	305	9.64187e-11
1	306	2.89628e-11
1	307	8.65401e-12
1	308	2.57274e-12
1	309	7.61143e-13
1	310	2.24133e-13
1	311	6.57026e-14
1	312	1.9176e-14
1	313	5.573e-15
1	314	1.61295e-15
1	315	4.64942e-16
1	316	1.33494e-16
1	317	3.81809e-17
1	318	1.08789e-17
1	319	3.0882e-18
1	320	8.7345e-19
1	321	2.46154e-19
1	322	6.91248e-20
1	323	1.93438e-20
1	324	5.3945e-21
1	325	1.49927e-21
1	326	4.15283e-22
1	327	1.14647e-22
1	328	3.15462e-23
1	329	8.65196e-24
1	330	2.36525e-24
1	331	6.44539e-25
1	332	1.75082e-25
1	333	4.74095e-26
1	334	1.27977e-26
1	335	3.44391e-27
1	336	9.23918e-28
1	337	2.47109e-28
1	338	6.58906e-29
1	339	1.75165e-29
1	340	4.64271e-30
1	341	1.22687e-30
1	342	3.23253e-31
1	343	8.4919e-32
1	344	2.22431e-32
1	345	5.80915e-33
1	346	1.51237e-33
1	347	3.91091e-34
1	348	9.49504e-35
1	349	0
