2	500
0	0	0
0	1	0.0894164
0	2	0.0207464
0	3	0.129375
0	4	0.0278936
0	5	0.132701
0	6	0.0274113
0	7	0.586348
0	8	0.861245
0	9	0.987036
0	10	1.0431
0	11	1.06647
0	12	1.07282
0	13	1.06642
0	14	1.04296
0	15	0.98672
0	16	0.860551
0	17	0.584992
0	18	0.021116
0	19	0.0370728
0	20	0.157518
0	21	0.0393623
0	22	0.0659554
0	23	0.141229
0	24	0.0642697
0	25	0.0425005
0	26	0.0419696
0	27	0.0441136
0	28	0.0451058
0	29	0.0467316
0	30	0.050628
0	31	0.0574142
0	32	0.0674032
0	33	0.0810728
0	34	0.0991504
0	35	0.122422
0	36	0.151285
0	37	0.185014
0	38	0.220857
0	39	0.253449
0	40	0.275435
0	41	0.279884
0	42	0.263679
0	43	0.229651
0	44	0.185585
0	45	0.140628
0	46	0.101614
0	47	0.071517
0	48	0.0501539
0	49	0.0357858
0	50	0.0264096
0	51	0.0203783
0	52	0.016535
0	53	0.0141353
0	54	0.0127264
0	55	0.0120483
0	56	0.0119687
0	57	0.0124468
0	58	0.0135185
0	59	0.0152974
0	60	0.0179918
0	61	0.0219385
0	62	0.0276597
0	63	0.0359494
0	64	0.0479957
0	65	0.0655366
0	66	0.0910117
0	67	0.127591
0	68	0.178798
0	69	0.247254
0	70	0.332073
0	71	0.425387
0	72	0.510507
0	73	0.565473
0	74	0.572477
0	75	0.527456
0	76	0.442686
0	77	0.340556
0	78	0.243011
0	79	0.163588
0	80	0.105961
0	81	0.0673521
0	82	0.0427359
0	83	0.02743
0	84	0.017976
0	85	0.0121006
0	86	0.00839762
0	87	0.00602076
0	88	0.00446464
0	89	0.00342617
0	90	0.00272157
0	91	0.00223787
0	92	0.00190464
0	93	0.00167759
0	94	0.00152883
0	95	0.0014412
0	96	0.00140496
0	97	0.00141596
0	98	0.00147486
0	99	0.00158717
0	100	0.0017641
0	101	0.0020244
0	102	0.00239762
0	103	0.00292952
0	104	0.00369109
0	105	0.00479333
0	106	0.00641197
0	107	0.00882891
0	108	0.0125023
0	109	0.018185
0	110	0.0271228
0	111	0.0413778
0	112	0.064324
0	113	0.101304
0	114	0.160184
0	115	0.250861
0	116	0.381574
0	117	0.549684
0	118	0.729904
0	119	0.873869
0	120	0.931917
0	121	0.881691
0	122	0.73933
0	123	0.549822
0	124	0.364771
0	125	0.219113
0	126	0.121957
0	127	0.0646133
0	128	0.0334328
0	129	0.017257
0	130	0.0090249
0	131	0.00483131
0	132	0.00266387
0	133	0.00151798
0	134	0.000895514
0	135	0.000547363
0	136	0.000346744
0	137	0.000227665
0	138	0.000154922
0	139	0.000109244
0	140	7.98134e-05
0	141	6.04038e-05
0	142	4.73445e-05
0	143	3.8423e-05
0	144	3.22794e-05
0	145	2.8065e-05
0	146	2.52463e-05
0	147	2.34914e-05
0	148	2.26038e-05
0	149	2.24852e-05
0	150	2.31171e-05
0	151	2.45567e-05
0	152	2.69452e-05
0	153	3.05312e-05
0	154	3.57133e-05
0	155	4.31135e-05
0	156	5.36993e-05
0	157	6.89867e-05
0	158	9.13853e-05
0	159	0.000124788
0	160	0.000175598
0	161	0.00025456
0	162	0.000380054
0	163	0.00058418
0	164	0.000924157
0	165	0.00150411
0	166	0.00251746
0	167	0.00433071
0	168	0.00765155
0	169	0.0138692
0	170	0.0257439
0	171	0.0487776
0	172	0.0937819
0	173	0.180952
0	174	0.34336
0	175	0.619236
0	176	1.01295
0	177	1.44349
0	178	1.78148
0	179	1.95953
0	180	1.9902
0	181	1.90517
0	182	1.71967
0	183	1.43931
0	184	1.08675
0	185	0.720089
0	186	0.412834
0	187	0.206117
0	188	0.0916072
0	189	0.0372123
0	190	0.01414
0	191	0.00511479
0	192	0.00178308
0	193	0.000604155
0	194	0.000200111
0	195	6.50567e-05
0	196	2.0819e-05
0	197	6.57184e-06
0	198	2.04957e-06
0	199	6.32285e-07
0	200	1.93132e-07
0	201	5.84544e-08
0	202	1.75417e-08
0	203	5.22205e-09
0	204	1.5428e-09
0	205	4.52519e-10
0	206	1.31812e-10
0	207	3.81396e-11
0	208	1.09649e-11
0	209	3.13277e-12
0	210	8.89656e-13
0	211	2.51163e-13
0	212	7.05e-14
0	213	1.96779e-14
0	214	5.46227e-15
0	215	1.50806e-15
0	216	4.14145e-16
0	217	1.1314e-16
0	218	3.07499e-17
0	219	8.31505e-18
0	220	2.23723e-18
0	221	5.98973e-19
0	222	1.59581e-19
0	223	4.23113e-20
0	224	1.11649e-20
0	225	2.93222e-21
0	226	7.66485e-22
0	227	1.99432e-22
0	228	5.16517e-23
0	229	1.33166e-23
0	230	3.41772e-24
0	231	8.73231e-25
0	232	2.22119e-25
0	233	5.62499e-26
0	234	1.41824e-26
0	235	3.56026e-27
0	236	8.8988e-28
0	237	2.21468e-28
0	238	5.48824e-29
0	239	1.35428e-29
0	240	3.32772e-30
0	241	8.14253e-31
0	242	1.98407e-31
0	243	4.81449e-32
0	244	1.16345e-32
0	245	2.80002e-33
0	246	6.71114e-34
0	247	1.60201e-34
0	248	3.80869e-35
0	249	9.01854e-36
0	250	2.12694e-36
0	251	4.99623e-37
0	252	1.16897e-37
0	253	2.72426e-38
0	254	6.32391e-39
0	255	1.46225e-39
0	256	3.36792e-40
0	257	7.7271e-41
0	258	1.76601e-41
0	259	4.02066e-42
0	260	9.11878e-43
0	261	2.06024e-43
0	262	4.63713e-44
0	263	1.03977e-44
0	264	2.32266e-45
0	265	5.16896e-46
0	266	1.14603e-46
0	267	2.53147e-47
0	268	5.57104e-48
0	269	1.2215e-48
0	270	2.66841e-49
0	271	5.80789e-50
0	272	1.25949e-50
0	273	2.7214e-51
0	274	5.85887e-52
0	275	1.2568e-52
0	276	2.68628e-53
0	277	5.72111e-54
0	278	1.2141e-54
0	279	2.56735e-55
0	280	5.40968e-56
0	281	1.13585e-56
0	282	2.37652e-57
0	283	4.95491e-58
0	284	1.02946e-58
0	285	2.13142e-59
0	286	4.39761e-60
0	287	9.04192e-61
0	288	1.8527e-61
0	289	3.78316e-62
0	290	7.69866e-63
0	291	1.56131e-63
0	292	3.15563e-64
0	293	6.35633e-65
0	294	1.27602e-65
0	295	2.55295e-66
0	296	5.09058e-67
0	297	1.01166e-67
0	298	2.0038e-68
0	299	3.95573e-69
0	300	7.78316e-70
0	301	1.52633e-70
0	302	2.98337e-71
0	303	5.81218e-72
0	304	1.12862e-72
0	305	2.18441e-73
0	306	4.21412e-74
0	307	8.10344e-75
0	308	1.55319e-75
0	309	2.96742e-76
0	310	5.65114e-77
0	311	1.07275e-77
0	312	2.02989e-78
0	313	3.82878e-79
0	314	7.19893e-80
0	315	1.34927e-80
0	316	2.52091e-81
0	317	4.69511e-82
0	318	8.71707e-83
0	319	1.61337e-83
0	320	2.97675e-84
0	321	5.47516e-85
0	322	1.00393e-85
0	323	1.83512e-86
0	324	3.34414e-87
0	325	6.0753e-88
0	326	1.10032e-88
0	327	1.98673e-89
0	328	3.57629e-90
0	329	6.41809e-91
0	330	1.14831e-91
0	331	2.04833e-92
0	332	3.64276e-93
0	333	6.45882e-94
0	334	1.14175e-94
0	335	2.01229e-95
0	336	3.53602e-96
0	337	6.19505e-97
0	338	1.08215e-97
0	339	1.8847e-98
0	340	3.27277e-99
0	341	5.66644e-100
0	342	9.78206e-101
0	343	1.68375e-101
0	344	2.88974e-102
0	345	4.94509e-103
0	346	8.43778e-104
0	347	1.43557e-104
0	348	2.43537e-105
0	349	4.1196e-106
0	350	6.9486e-107
0	351	1.16868e-107
0	352	1.95997e-108
0	353	3.27769e-109
0	354	5.46576e-110
0	355	9.08868e-111
0	356	1.50703e-111
0	357	2.49184e-112
0	358	4.10861e-113
0	359	6.75539e-114
0	360	1.10762e-114
0	361	1.811e-115
0	362	2.9528e-116
0	363	4.80115e-117
0	364	7.78488e-118
0	365	1.25881e-118
0	366	2.02987e-119
0	367	3.26424e-120
0	368	5.23486e-121
0	369	8.37221e-122
0	370	1.33533e-122
0	371	2.124e-123
0	372	3.36932e-124
0	373	5.33031e-125
0	374	8.40985e-126
0	375	1.32329e-126
0	376	2.07659e-127
0	377	3.25e-128
0	378	5.07285e-129
0	379	7.897e-130
0	380	1.22607e-130
0	381	1.89852e-131
0	382	2.93199e-132
0	383	4.51609e-133
0	384	6.93771e-134
0	385	1.06299e-134
0	386	1.62442e-135
0	387	2.47589e-136
0	388	3.76383e-137
0	389	5.70685e-138
0	390	8.63045e-139
0	391	1.3018e-139
0	392	1.95853e-140
0	393	2.93896e-141
0	394	4.39885e-142
0	395	6.56703e-143
0	396	9.77877e-144
0	397	1.45241e-144
0	398	2.15171e-145
0	399	3.17961e-146
0	400	4.68663e-147
0	401	6.89042e-148
0	402	1.01049e-148
0	403	1.47817e-149
0	404	2.15686e-150
0	405	3.13926e-151
0	406	4.55769e-152
0	407	6.6005e-153
0	408	9.53509e-154
0	409	1.37402e-154
0	410	1.97506e-155
0	411	2.83199e-156
0	412	4.05069e-157
0	413	5.77956e-158
0	414	8.22605e-159
0	415	1.16794e-159
0	416	1.65419e-160
0	417	2.33716e-161
0	418	3.29406e-162
0	419	4.63145e-163
0	420	6.49602e-164
0	421	9.08916e-165
0	422	1.26867e-165
0	423	1.76656e-166
0	424	2.45391e-167
0	425	3.40053e-168
0	426	4.70102e-169
0	427	6.48334e-170
0	428	8.92005e-171
0	429	1.22434e-171
0	430	1.67649e-172
0	431	2.29019e-173
0	432	3.12114e-174
0	433	4.24354e-175
0	434	5.75598e-176
0	435	7.78912e-177
0	436	1.05157e-177
0	437	1.41634e-178
0	438	1.90319e-179
0	439	2.55144e-180
0	440	3.41251e-181
0	441	4.5536e-182
0	442	6.06217e-183
0	443	8.05185e-184
0	444	1.06699e-184
0	445	1.41066e-185
0	446	1.86075e-186
0	447	2.4488e-187
0	448	3.21533e-188
0	449	4.21215e-189
0	450	5.50543e-190
0	451	7.17943e-191
0	452	9.34116e-192
0	453	1.21263e-192
0	454	1.57061e-193
0	455	2.02969e-194
0	456	2.61705e-195
0	457	3.36679e-196
0	458	4.32161e-197
0	459	5.53479e-198
0	460	7.07269e-199
0	461	9.01776e-200
0	462	1.14721e-200
0	463	1.45621e-201
0	464	1.84434e-202
0	465	2.33074e-203
0	466	2.93892e-204
0	467	3.69762e-205
0	468	4.64195e-206
0	469	5.81466e-207
0	470	7.26765e-208
0	471	9.06386e-209
0	472	1.12793e-209
0	473	1.40057e-210
0	474	1.73533e-211
0	475	2.14543e-212
0	476	2.64669e-213
0	477	3.25801e-214
0	478	4.00188e-215
0	479	4.90498e-216
0	480	5.99896e-217
0	481	7.32119e-218
0	482	8.91569e-219
0	483	1.08342e-219
0	484	1.31375e-220
0	485	1.58965e-221
0	486	1.9194e-222
0	487	2.31263e-223
0	488	2.78052e-224
0	489	3.33599e-225
0	490	3.99398e-226
0	491	4.77168e-227
0	492	5.68881e-228
0	493	6.76796e-229
0	494	8.03495e-230
0	495	9.51916e-231
0	496	1.12539e-231
0	497	1.32747e-232
0	498	1.54162e-233
0	499	0
1	0	0
1	1	-0.300588
1	2	11.5371
1	3	-0.3759
1	4	10.391
1	5	-0.382509
1	6	31.8453
1	7	-0.596072
1	8	-0.608892
1	9	-0.607447
1	10	-0.605743
1	11	-0.604859
1	12	-0.604601
1	13	-0.60486
1	14	-0.605747
1	15	-0.60745
1	16	-0.608884
1	17	-0.595754
1	18	31.2195
1	19	5.69256
1	20	-0.415867
1	21	6.57099
1	22	3.42446
1	23	1.26563
1	24	3.54986
1	25	3.21258
1	26	2.79648
1	27	2.76337
1	28	2.8751
1	29	2.9804
1	30	3.05378
1	31	3.10974
1	32	3.15617
1	33	3.19053
1	34	3.20521
1	35	3.19127
1	36	3.14054
1	37	3.04776
1	38	2.91332
1	39	2.74563
1	40	2.56126
1	41	2.38134
1	42	2.22568
1	43	2.10793
1	44	2.03403
1	45	2.0035
1	46	2.01165
1	47	2.05168
1	48	2.11632
1	49	2.19896
1	50	2.29424
1	51	2.39818
1	52	2.5079
1	53	2.6214
1	54	2.73721
1	55	2.85422
1	56	2.97153
1	57	3.08831
1	58	3.20369
1	59	3.31671
1	60	3.42615
1	61	3.53042
1	62	3.62725
1	63	3.71343
1	64	3.78434
1	65	3.83331
1	66	3.85107
1	67	3.82531
1	68	3.74146
1	69	3.58555
1	70	3.35049
1	71	3.0443
1	72	2.69474
1	73	2.34329
1	74	2.02988
1	75	1.77928
1	76	1.5984
1	77	1.48204
1	78	1.42004
1	79	1.4014
1	80	1.4159
1	81	1.45471
1	82	1.51074
1	83	1.57874
1	84	1.65509
1	85	1.73739
1	86	1.82408
1	87	1.91417
1	88	2.00699
1	89	2.10209
1	90	2.19917
1	91	2.29798
1	92	2.39836
1	93	2.50016
1	94	2.60325
1	95	2.70753
1	96	2.8129
1	97	2.91927
1	98	3.02654
1	99	3.13461
1	100	3.24337
1	101	3.35267
1	102	3.46235
1	103	3.57219
1	104	3.68186
1	105	3.79092
1	106	3.89868
1	107	4.00412
1	108	4.1056
1	109	4.20054
1	110	4.28475
1	111	4.3514
1	112	4.38955
1	113	4.38206
1	114	4.30387
1	115	4.12306
1	116	3.81004
1	117	3.35907
1	118	2.81221
1	119	2.25533
1	120	1.77422
1	121	1.41185
1	122	1.16608
1	123	1.01322
1	124	0.928697
1	125	0.894525
1	126	0.897844
1	127	0.928167
1	128	0.97681
1	129	1.03734
1	130	1.10559
1	131	1.17907
1	132	1.25641
1	133	1.33681
1	134	1.41983
1	135	1.50517
1	136	1.59265
1	137	1.68211
1	138	1.77343
1	139	1.8665
1	140	1.96125
1	141	2.05758
1	142	2.15541
1	143	2.25466
1	144	2.35528
1	145	2.4572
1	146	2.56034
1	147	2.66467
1	148	2.77011
1	149	2.87662
1	150	2.98416
1	151	3.09266
1	152	3.2021
1	153	3.31243
1	154	3.4236
1	155	3.53557
1	156	3.64832
1	157	3.7618
1	158	3.87597
1	159	3.99079
1	160	4.1062
1	161	4.22215
1	162	4.33855
1	163	4.45527
1	164	4.5721
1	165	4.6887
1	166	4.80445
1	167	4.91821
1	168	5.02785
1	169	5.12921
1	170	5.21422
1	171	5.26701
1	172	5.25702
1	173	5.12888
1	174	4.79667
1	175	4.17176
1	176	3.26141
1	177	2.25866
1	178	1.41999
1	179	0.851896
1	180	0.512312
1	181	0.323039
1	182	0.223198
1	183	0.171954
1	184	0.140686
1	185	0.110866
1	186	0.0773758
1	187	0.0461298
1	188	0.0236232
1	189	0.0106694
1	190	0.00437966
1	191	0.00167601
1	192	0.00060928
1	193	0.000213177
1	194	7.24287e-05
1	195	2.40417e-05
1	196	7.82942e-06
1	197	2.50902e-06
1	198	7.92928e-07
1	199	2.47531e-07
1	200	7.64248e-08
1	201	2.33601e-08
1	202	7.07444e-09
1	203	2.12403e-09
1	204	6.32572e-10
1	205	1.86951e-10
1	206	5.48499e-11
1	207	1.59805e-11
1	208	4.62474e-12
1	209	1.32975e-12
1	210	3.7995e-13
1	211	1.07904e-13
1	212	3.04627e-14
1	213	8.55037e-15
1	214	2.38639e-15
1	215	6.62353e-16
1	216	1.82841e-16
1	217	5.02036e-17
1	218	1.37124e-17
1	219	3.72598e-18
1	220	1.00728e-18
1	221	2.70941e-19
1	222	7.25169e-20
1	223	1.93139e-20
1	224	5.11907e-21
1	225	1.35028e-21
1	226	3.54482e-22
1	227	9.26229e-23
1	228	2.40889e-23
1	229	6.236e-24
1	230	1.60696e-24
1	231	4.12221e-25
1	232	1.05268e-25
1	233	2.6762e-26
1	234	6.77346e-27
1	235	1.70682e-27
1	236	4.28215e-28
1	237	1.06966e-28
1	238	2.66045e-29
1	239	6.58865e-30
1	240	1.62474e-30
1	241	3.9896e-31
1	242	9.75534e-32
1	243	2.37538e-32
1	244	5.75989e-33
1	245	1.39089e-33
1	246	3.34487e-34
1	247	8.01096e-35
1	248	1.9108e-35
1	249	4.53924e-36
1	250	1.07398e-36
1	251	2.53082e-37
1	252	5.94002e-38
1	253	1.38862e-38
1	254	3.2334e-39
1	255	7.4993e-40
1	256	1.73251e-40
1	257	3.98687e-41
1	258	9.13896e-42
1	259	2.08679e-42
1	260	4.7466e-43
1	261	1.07552e-43
1	262	2.42768e-44
1	263	5.45896e-45
1	264	1.22287e-45
1	265	2.72902e-46
1	266	6.06737e-47
1	267	1.34389e-47
1	268	2.96556e-48
1	269	6.51978e-49
1	270	1.42807e-49
1	271	3.11647e-50
1	272	6.7761e-51
1	273	1.46793e-51
1	274	3.16845e-52
1	275	6.81409e-53
1	276	1.46015e-53
1	277	3.11758e-54
1	278	6.63248e-55
1	279	1.40598e-55
1	280	2.96983e-56
1	281	6.25086e-57
1	282	1.31102e-57
1	283	2.73995e-58
1	284	5.70623e-59
1	285	1.18422e-59
1	286	2.44904e-60
1	287	5.04718e-61
1	288	1.03656e-61
1	289	2.12147e-62
1	290	4.32694e-63
1	291	8.79497e-64
1	292	1.78156e-64
1	293	3.59653e-65
1	294	7.23585e-66
1	295	1.45085e-66
1	296	2.89927e-67
1	297	5.77421e-68
1	298	1.14614e-68
1	299	2.26741e-69
1	300	4.47068e-70
1	301	8.78562e-71
1	302	1.72081e-71
1	303	3.35937e-72
1	304	6.5366e-73
1	305	1.26771e-73
1	306	2.45058e-74
1	307	4.72171e-75
1	308	9.06812e-76
1	309	1.73591e-76
1	310	3.31233e-77
1	311	6.3e-78
1	312	1.19441e-78
1	313	2.25722e-79
1	314	4.25214e-80
1	315	7.9847e-81
1	316	1.49462e-81
1	317	2.78888e-82
1	318	5.18751e-83
1	319	9.61881e-84
1	320	1.77796e-84
1	321	3.27615e-85
1	322	6.018e-86
1	323	1.10202e-86
1	324	2.01179e-87
1	325	3.66128e-88
1	326	6.64269e-89
1	327	1.20149e-89
1	328	2.16654e-90
1	329	3.89482e-91
1	330	6.98045e-92
1	331	1.24727e-92
1	332	2.22189e-93
1	333	3.94613e-94
1	334	6.98736e-95
1	335	1.23353e-95
1	336	2.17113e-96
1	337	3.81e-97
1	338	6.66608e-98
1	339	1.16285e-98
1	340	2.02253e-99
1	341	3.50736e-100
1	342	6.06438e-101
1	343	1.04548e-101
1	344	1.79711e-102
1	345	3.08009e-103
1	346	5.26365e-104
1	347	8.96908e-105
1	348	1.52388e-105
1	349	2.58165e-106
1	350	4.36106e-107
1	351	7.34578e-108
1	352	1.23378e-108
1	353	2.06632e-109
1	354	3.45077e-110
1	355	5.74646e-111
1	356	9.54228e-112
1	357	1.58006e-112
1	358	2.60898e-113
1	359	4.29581e-114
1	360	7.05341e-115
1	361	1.15488e-115
1	362	1.88565e-116
1	363	3.07026e-117
1	364	4.98519e-118
1	365	8.07207e-119
1	366	1.30343e-119
1	367	2.0989e-120
1	368	3.37054e-121
1	369	5.3978e-122
1	370	8.62076e-123
1	371	1.37305e-123
1	372	2.18096e-124
1	373	3.45483e-125
1	374	5.45794e-126
1	375	8.59917e-127
1	376	1.35118e-127
1	377	2.11739e-128
1	378	3.30921e-129
1	379	5.15803e-130
1	380	8.01834e-131
1	381	1.24316e-131
1	382	1.92228e-132
1	383	2.96452e-133
1	384	4.55977e-134
1	385	6.99496e-135
1	386	1.07025e-135
1	387	1.63322e-136
1	388	2.4858e-137
1	389	3.77357e-138
1	390	5.71357e-139
1	391	8.62843e-140
1	392	1.29966e-140
1	393	1.95255e-141
1	394	2.92587e-142
1	395	4.37308e-143
1	396	6.51935e-144
1	397	9.69408e-145
1	398	1.4378e-145
1	399	2.12706e-146
1	400	3.13875e-147
1	401	4.61987e-148
1	402	6.78268e-149
1	403	9.93286e-150
1	404	1.45095e-150
1	405	2.11415e-151
1	406	3.07275e-152
1	407	4.45484e-153
1	408	6.44243e-154
1	409	9.2936e-155
1	410	1.33732e-155
1	411	1.9196e-156
1	412	2.74858e-157
1	413	3.92584e-158
1	414	5.59351e-159
1	415	7.95e-160
1	416	1.12715e-160
1	417	1.59417e-161
1	418	2.24918e-162
1	419	3.16558e-163
1	420	4.44452e-164
1	421	6.22502e-165
1	422	8.6977e-166
1	423	1.21232e-166
1	424	1.6857e-167
1	425	2.3383e-168
1	426	3.23574e-169
1	427	4.4669e-170
1	428	6.15177e-171
1	429	8.45193e-172
1	430	1.15845e-172
1	431	1.58404e-173
1	432	2.16084e-174
1	433	2.94071e-175
1	434	3.99259e-176
1	435	5.40796e-177
1	436	7.30785e-178
1	437	9.85205e-179
1	438	1.32509e-179
1	439	1.77807e-180
1	440	2.38034e-181
1	441	3.1792e-182
1	442	4.23631e-183
1	443	5.63183e-184
1	444	7.46976e-185
1	445	9.88464e-186
1	446	1.30501e-186
1	447	1.71897e-187
1	448	2.25904e-188
1	449	2.96201e-189
1	450	3.87485e-190
1	451	5.05747e-191
1	452	6.58601e-192
1	453	8.55705e-193
1	454	1.10928e-193
1	455	1.43475e-194
1	456	1.85152e-195
1	457	2.38398e-196
1	458	3.06266e-197
1	459	3.92572e-198
1	460	5.02074e-199
1	461	6.40684e-200
1	462	8.15739e-201
1	463	1.03631e-201
1	464	1.3136e-202
1	465	1.6614e-203
1	466	2.09663e-204
1	467	2.64003e-205
1	468	3.31695e-206
1	469	4.15826e-207
1	470	5.20152e-208
1	471	6.49226e-209
1	472	8.08557e-210
1	473	1.00479e-210
1	474	1.24593e-211
1	475	1.54158e-212
1	476	1.90325e-213
1	477	2.34468e-214
1	478	2.88224e-215
1	479	3.53539e-216
1	480	4.32723e-217
1	481	5.28502e-218
1	482	6.44095e-219
1	483	7.83289e-220
1	484	9.50528e-221
1	485	1.15101e-221
1	486	1.39081e-222
1	487	1.67699e-223
1	488	2.01777e-224
1	489	2.42265e-225
1	490	2.90263e-226
1	491	3.47036e-227
1	492	4.14038e-228
1	493	4.92937e-229
1	494	5.8564e-230
1	495	6.94318e-231
1	496	8.21439e-232
1	497	9.69625e-233
1	498	1.12683e-233
1	499	0
