2	350
0	0	0
0	1	0.0955434
0	2	0.0241879
0	3	0.147293
0	4	0.0392732
0	5	0.151839
0	6	0.0278879
0	7	0.588818
0	8	0.862209
0	9	0.987243
0	10	1.04289
0	11	1.06611
0	12	1.07251
0	13	1.06626
0	14	1.04296
0	15	0.986871
0	16	0.860926
0	17	0.585834
0	18	0.0222345
0	19	0.0391417
0	20	0.170389
0	21	0.0513363
0	22	0.0403191
0	23	0.0473239
0	24	0.0404755
0	25	0.030246
0	26	0.0247613
0	27	0.023424
0	28	0.0246251
0	29	0.0275017
0	30	0.0319279
0	31	0.0383273
0	32	0.0475776
0	33	0.061038
0	34	0.0806487
0	35	0.108973
0	36	0.148908
0	37	0.202554
0	38	0.268685
0	39	0.339165
0	40	0.397217
0	41	0.422138
0	42	0.400725
0	43	0.337076
0	44	0.251375
0	45	0.167949
0	46	0.102695
0	47	0.0592614
0	48	0.0334593
0	49	0.0191547
0	50	0.0114456
0	51	0.007268
0	52	0.00493791
0	53	0.00358587
0	54	0.00277087
0	55	0.0022666
0	56	0.00195379
0	57	0.00176802
0	58	0.00167443
0	59	0.00165549
0	60	0.00170508
0	61	0.0018262
0	62	0.0020308
0	63	0.00234161
0	64	0.0027962
0	65	0.00345428
0	66	0.00440999
0	67	0.00581264
0	68	0.0079017
0	69	0.0110659
0	70	0.0159436
0	71	0.0235922
0	72	0.0357687
0	73	0.0553719
0	74	0.0870682
0	75	0.137953
0	76	0.217567
0	77	0.335472
0	78	0.493705
0	79	0.674573
0	80	0.834815
0	81	0.921339
0	82	0.901377
0	83	0.780514
0	84	0.598143
0	85	0.407297
0	86	0.249522
0	87	0.140536
0	88	0.0747588
0	89	0.0385891
0	90	0.0197801
0	91	0.0102453
0	92	0.00542588
0	93	0.00295924
0	94	0.00166868
0	95	0.00097478
0	96	0.000590407
0	97	0.00037088
0	98	0.000241634
0	99	0.000163257
0	100	0.000114365
0	101	8.30475e-05
0	102	6.24987e-05
0	103	4.87322e-05
0	104	3.93594e-05
0	105	3.29195e-05
0	106	2.85043e-05
0	107	2.55446e-05
0	108	2.36862e-05
0	109	2.27184e-05
0	110	2.25328e-05
0	111	2.31038e-05
0	112	2.44824e-05
0	113	2.68038e-05
0	114	3.03097e-05
0	115	3.53897e-05
0	116	4.26534e-05
0	117	5.30493e-05
0	118	6.80649e-05
0	119	9.0064e-05
0	120	0.000122866
0	121	0.000172755
0	122	0.000250271
0	123	0.000373453
0	124	0.000573804
0	125	0.000907493
0	126	0.00147676
0	127	0.00247159
0	128	0.00425211
0	129	0.00751414
0	130	0.0136245
0	131	0.0253012
0	132	0.047969
0	133	0.0923078
0	134	0.178326
0	135	0.338965
0	136	0.61278
0	137	1.00537
0	138	1.43694
0	139	1.77738
0	140	1.95761
0	141	1.9895
0	142	1.9049
0	143	1.71929
0	144	1.43842
0	145	1.08512
0	146	0.717918
0	147	0.410654
0	148	0.20441
0	149	0.09051
0	150	0.0366027
0	151	0.0138354
0	152	0.00497393
0	153	0.0017217
0	154	0.000578634
0	155	0.000189903
0	156	6.11055e-05
0	157	1.93325e-05
0	158	6.02648e-06
0	159	1.85392e-06
0	160	5.63507e-07
0	161	1.69395e-07
0	162	5.03996e-08
0	163	1.48508e-08
0	164	4.33606e-09
0	165	1.25501e-09
0	166	3.60221e-10
0	167	1.02564e-10
0	168	2.89762e-11
0	169	8.12483e-12
0	170	2.26153e-12
0	171	6.25007e-13
0	172	1.71528e-13
0	173	4.67537e-14
0	174	1.26586e-14
0	175	3.40486e-15
0	176	9.09916e-16
0	177	2.41623e-16
0	178	6.37601e-17
0	179	1.67214e-17
0	180	4.35856e-18
0	181	1.12926e-18
0	182	2.90841e-19
0	183	7.44659e-20
0	184	1.8955e-20
0	185	4.79716e-21
0	186	1.20715e-21
0	187	3.02048e-22
0	188	7.51539e-23
0	189	1.85956e-23
0	190	4.57584e-24
0	191	1.11983e-24
0	192	2.72569e-25
0	193	6.59867e-26
0	194	1.58896e-26
0	195	3.80591e-27
0	196	9.06804e-28
0	197	2.14927e-28
0	198	5.06766e-29
0	199	1.18871e-29
0	200	2.77404e-30
0	201	6.44066e-31
0	202	1.48779e-31
0	203	3.41949e-32
0	204	7.81991e-33
0	205	1.77941e-33
0	206	4.02897e-34
0	207	9.07758e-35
0	208	2.03524e-35
0	209	4.5409e-36
0	210	1.00823e-36
0	211	2.22783e-37
0	212	4.89911e-38
0	213	1.0722e-38
0	214	2.33546e-39
0	215	5.06308e-40
0	216	1.09248e-40
0	217	2.34625e-41
0	218	5.0155e-42
0	219	1.06718e-42
0	220	2.26026e-43
0	221	4.76522e-44
0	222	1.00005e-44
0	223	2.08921e-45
0	224	4.34486e-46
0	225	8.9952e-47
0	226	1.85394e-47
0	227	3.80398e-48
0	228	7.77049e-49
0	229	1.58028e-49
0	230	3.19967e-50
0	231	6.45012e-51
0	232	1.29459e-51
0	233	2.58704e-52
0	234	5.14745e-53
0	235	1.01978e-53
0	236	2.01165e-54
0	237	3.95129e-55
0	238	7.72812e-56
0	239	1.5051e-56
0	240	2.9189e-57
0	241	5.63693e-58
0	242	1.08404e-58
0	243	2.07603e-59
0	244	3.95926e-60
0	245	7.51959e-61
0	246	1.42227e-61
0	247	2.67906e-62
0	248	5.02579e-63
0	249	9.38976e-64
0	250	1.74718e-64
0	251	3.23791e-65
0	252	5.97638e-66
0	253	1.09867e-66
0	254	2.01167e-67
0	255	3.66873e-68
0	256	6.66419e-69
0	257	1.20576e-69
0	258	2.17301e-70
0	259	3.90081e-71
0	260	6.97508e-72
0	261	1.24236e-72
0	262	2.20425e-73
0	263	3.89575e-74
0	264	6.85876e-75
0	265	1.2029e-75
0	266	2.10161e-76
0	267	3.65776e-77
0	268	6.34201e-78
0	269	1.09545e-78
0	270	1.88503e-79
0	271	3.23154e-80
0	272	5.51914e-81
0	273	9.39096e-82
0	274	1.59196e-82
0	275	2.68869e-83
0	276	4.52421e-84
0	277	7.58481e-85
0	278	1.26693e-85
0	279	2.10847e-86
0	280	3.49622e-87
0	281	5.7763e-88
0	282	9.50883e-89
0	283	1.55968e-89
0	284	2.54906e-90
0	285	4.15113e-91
0	286	6.73595e-92
0	287	1.08914e-92
0	288	1.75478e-93
0	289	2.81725e-94
0	290	4.50707e-95
0	291	7.18514e-96
0	292	1.14144e-96
0	293	1.80697e-97
0	294	2.85059e-98
0	295	4.48137e-99
0	296	7.02074e-100
0	297	1.09611e-100
0	298	1.70542e-101
0	299	2.64435e-102
0	300	4.08622e-103
0	301	6.29278e-104
0	302	9.658e-105
0	303	1.47727e-105
0	304	2.25199e-106
0	305	3.42145e-107
0	306	5.18078e-108
0	307	7.81856e-109
0	308	1.176e-109
0	309	1.76297e-110
0	310	2.63416e-111
0	311	3.92286e-112
0	312	5.82279e-113
0	313	8.61453e-114
0	314	1.27031e-114
0	315	1.86709e-115
0	316	2.73532e-116
0	317	3.9943e-117
0	318	5.81387e-118
0	319	8.43504e-119
0	320	1.21986e-119
0	321	1.75849e-120
0	322	2.52683e-121
0	323	3.61933e-122
0	324	5.16769e-123
0	325	7.35507e-124
0	326	1.04352e-124
0	327	1.47586e-125
0	328	2.08077e-126
0	329	2.92441e-127
0	330	4.09725e-128
0	331	5.72257e-129
0	332	7.96781e-130
0	333	1.10596e-130
0	334	1.53036e-131
0	335	2.11109e-132
0	336	2.90325e-133
0	337	3.98042e-134
0	338	5.44057e-135
0	339	7.41366e-136
0	340	1.00716e-136
0	341	1.3641e-137
0	342	1.84195e-138
0	343	2.4797e-139
0	344	3.32822e-140
0	345	4.45368e-141
0	346	5.94187e-142
0	347	7.90135e-143
0	348	1.02994e-143
0	349	0
1	0	0
1	1	-0.314594
1	2	11.0375
1	3	-0.40362
1	4	8.61262
1	5	-0.417193
1	6	27.6388
1	7	-0.595889
1	8	-0.608639
1	9	-0.60721
1	10	-0.605595
1	11	-0.604827
1	12	-0.604655
1	13	-0.60494
1	14	-0.605808
1	15	-0.607484
1	16	-0.608908
1	17	-0.59585
1	18	29.1714
1	19	5.81383
1	20	-0.429661
1	21	4.94592
1	22	3.10944
1	23	2.24925
1	24	2.49604
1	25	2.80707
1	26	2.89916
1	27	2.93835
1	28	3.0011
1	29	3.08914
1	30	3.18915
1	31	3.28968
1	32	3.38184
1	33	3.45704
1	34	3.50508
1	35	3.51291
1	36	3.46487
1	37	3.34542
1	38	3.14611
1	39	2.87538
1	40	2.56412
1	41	2.25788
1	42	1.99803
1	43	1.80724
1	44	1.6892
1	45	1.63641
1	46	1.63692
1	47	1.6776
1	48	1.74612
1	49	1.83244
1	50	1.92955
1	51	2.03305
1	52	2.14038
1	53	2.25011
1	54	2.36141
1	55	2.47377
1	56	2.58689
1	57	2.70057
1	58	2.81465
1	59	2.92902
1	60	3.04361
1	61	3.15831
1	62	3.27304
1	63	3.38767
1	64	3.50206
1	65	3.61595
1	66	3.729
1	67	3.84065
1	68	3.95005
1	69	4.05583
1	70	4.15579
1	71	4.24636
1	72	4.3217
1	73	4.37234
1	74	4.3832
1	75	4.33158
1	76	4.18687
1	77	3.91663
1	78	3.50471
1	79	2.9776
1	80	2.4123
1	81	1.90139
1	82	1.50308
1	83	1.22618
1	84	1.05022
1	85	0.949298
1	86	0.903379
1	87	0.89842
1	88	0.923299
1	89	0.968668
1	90	1.02738
1	91	1.09467
1	92	1.16768
1	93	1.24479
1	94	1.32512
1	95	1.40814
1	96	1.49354
1	97	1.58111
1	98	1.67069
1	99	1.76215
1	100	1.8554
1	101	1.95032
1	102	2.04685
1	103	2.14489
1	104	2.24436
1	105	2.34521
1	106	2.44737
1	107	2.55076
1	108	2.65534
1	109	2.76105
1	110	2.86783
1	111	2.97563
1	112	3.08441
1	113	3.19413
1	114	3.30473
1	115	3.41618
1	116	3.52845
1	117	3.64148
1	118	3.75524
1	119	3.8697
1	120	3.98481
1	121	4.10051
1	122	4.21675
1	123	4.33344
1	124	4.45046
1	125	4.5676
1	126	4.68451
1	127	4.8006
1	128	4.91474
1	129	5.02482
1	130	5.12676
1	131	5.2126
1	132	5.26665
1	133	5.2587
1	134	5.13379
1	135	4.80614
1	136	4.18604
1	137	3.27787
1	138	2.27274
1	139	1.42927
1	140	0.857089
1	141	0.51502
1	142	0.324462
1	143	0.224022
1	144	0.17252
1	145	0.141101
1	146	0.111106
1	147	0.0774231
1	148	0.0460485
1	149	0.0235082
1	150	0.0105772
1	151	0.00432232
1	152	0.00164535
1	153	0.00059446
1	154	0.000206514
1	155	6.9595e-05
1	156	2.28886e-05
1	157	7.37716e-06
1	158	2.33709e-06
1	159	7.29321e-07
1	160	2.24557e-07
1	161	6.83032e-08
1	162	2.05442e-08
1	163	6.11518e-09
1	164	1.80253e-09
1	165	5.26423e-10
1	166	1.52391e-10
1	167	4.37442e-11
1	168	1.24553e-11
1	169	3.5187e-12
1	170	9.86528e-13
1	171	2.74554e-13
1	172	7.5861e-14
1	173	2.08139e-14
1	174	5.67154e-15
1	175	1.53503e-15
1	176	4.12721e-16
1	177	1.10247e-16
1	178	2.92615e-17
1	179	7.71762e-18
1	180	2.02286e-18
1	181	5.26965e-19
1	182	1.36446e-19
1	183	3.51187e-20
1	184	8.98548e-21
1	185	2.28558e-21
1	186	5.78004e-22
1	187	1.45334e-22
1	188	3.63357e-23
1	189	9.03332e-24
1	190	2.23322e-24
1	191	5.49045e-25
1	192	1.34244e-25
1	193	3.26445e-26
1	194	7.8954e-27
1	195	1.89934e-27
1	196	4.54478e-28
1	197	1.08174e-28
1	198	2.5612e-29
1	199	6.03246e-30
1	200	1.41348e-30
1	201	3.29491e-31
1	202	7.64136e-32
1	203	1.76313e-32
1	204	4.04759e-33
1	205	9.24532e-34
1	206	2.10123e-34
1	207	4.75184e-35
1	208	1.0693e-35
1	209	2.39443e-36
1	210	5.33554e-37
1	211	1.18315e-37
1	212	2.61094e-38
1	213	5.73405e-39
1	214	1.25327e-39
1	215	2.7262e-40
1	216	5.90216e-41
1	217	1.27179e-41
1	218	2.72758e-42
1	219	5.82251e-43
1	220	1.23715e-43
1	221	2.61654e-44
1	222	5.50846e-45
1	223	1.15436e-45
1	224	2.40809e-46
1	225	5.00069e-47
1	226	1.03377e-47
1	227	2.12747e-48
1	228	4.35869e-49
1	229	8.89022e-50
1	230	1.80526e-50
1	231	3.64963e-51
1	232	7.3459e-52
1	233	1.4721e-52
1	234	2.93722e-53
1	235	5.83509e-54
1	236	1.1542e-54
1	237	2.27322e-55
1	238	4.458e-56
1	239	8.70529e-57
1	240	1.6927e-57
1	241	3.27744e-58
1	242	6.31914e-59
1	243	1.21327e-59
1	244	2.31973e-60
1	245	4.41679e-61
1	246	8.3748e-62
1	247	1.58142e-62
1	248	2.97392e-63
1	249	5.56968e-64
1	250	1.03886e-64
1	251	1.92981e-65
1	252	3.57036e-66
1	253	6.57894e-67
1	254	1.2074e-67
1	255	2.20702e-68
1	256	4.01816e-69
1	257	7.28652e-70
1	258	1.31611e-70
1	259	2.36782e-71
1	260	4.24324e-72
1	261	7.57434e-73
1	262	1.34678e-73
1	263	2.38538e-74
1	264	4.20857e-75
1	265	7.39666e-76
1	266	1.29498e-76
1	267	2.25855e-77
1	268	3.92404e-78
1	269	6.7918e-79
1	270	1.17109e-79
1	271	2.01165e-80
1	272	3.44253e-81
1	273	5.86914e-82
1	274	9.96888e-83
1	275	1.68694e-83
1	276	2.84407e-84
1	277	4.77718e-85
1	278	7.9947e-86
1	279	1.33302e-86
1	280	2.21451e-87
1	281	3.66551e-88
1	282	6.0452e-89
1	283	9.93371e-90
1	284	1.62646e-90
1	285	2.65344e-91
1	286	4.31336e-92
1	287	6.98664e-93
1	288	1.12764e-93
1	289	1.81356e-94
1	290	2.90637e-95
1	291	4.64128e-96
1	292	7.38575e-97
1	293	1.17119e-97
1	294	1.85072e-98
1	295	2.91435e-99
1	296	4.57332e-100
1	297	7.15182e-101
1	298	1.11456e-101
1	299	1.73098e-102
1	300	2.67912e-103
1	301	4.13243e-104
1	302	6.35241e-105
1	303	9.73183e-106
1	304	1.48586e-106
1	305	2.26097e-107
1	306	3.42885e-108
1	307	5.18256e-109
1	308	7.80702e-110
1	309	1.17213e-110
1	310	1.75398e-111
1	311	2.61595e-112
1	312	3.88864e-113
1	313	5.7615e-114
1	314	8.50833e-115
1	315	1.25236e-115
1	316	1.83737e-116
1	317	2.68687e-117
1	318	3.91639e-118
1	319	5.69009e-119
1	320	8.24041e-120
1	321	1.18954e-120
1	322	1.71166e-121
1	323	2.45506e-122
1	324	3.51012e-123
1	325	5.00264e-124
1	326	7.10717e-125
1	327	1.00652e-125
1	328	1.42093e-126
1	329	1.99967e-127
1	330	2.80531e-128
1	331	3.92323e-129
1	332	5.46956e-130
1	333	7.60166e-131
1	334	1.05321e-131
1	335	1.45472e-132
1	336	2.00311e-133
1	337	2.74974e-134
1	338	3.7631e-135
1	339	5.13417e-136
1	340	6.98343e-137
1	341	9.4699e-138
1	342	1.28028e-138
1	343	1.72562e-139
1	344	2.31888e-140
1	345	3.10671e-141
1	346	4.14971e-142
1	347	5.52467e-143
1	348	7.20948e-144
1	349	0
