2	500
0	0	0
0	1	0.0863409
0	2	0.0192026
0	3	0.11814
0	4	0.020478
0	5	0.124577
0	6	0.0240951
0	7	0.586831
0	8	0.861403
0	9	0.987072
0	10	1.04303
0	11	1.06633
0	12	1.07267
0	13	1.06636
0	14	1.04311
0	15	0.987195
0	16	0.861572
0	17	0.587024
0	18	0.0241676
0	19	0.0499924
0	20	0.1638
0	21	0.0323281
0	22	0.0480216
0	23	0.166237
0	24	0.037076
0	25	0.110871
0	26	0.203386
0	27	0.0828867
0	28	0.0660255
0	29	0.0743671
0	30	0.0796368
0	31	0.0800602
0	32	0.0814361
0	33	0.0858931
0	34	0.0929281
0	35	0.101758
0	36	0.111996
0	37	0.123444
0	38	0.135747
0	39	0.148202
0	40	0.159717
0	41	0.168916
0	42	0.174376
0	43	0.174964
0	44	0.170193
0	45	0.16042
0	46	0.146799
0	47	0.130969
0	48	0.114638
0	49	0.0992191
0	50	0.0856398
0	51	0.0743455
0	52	0.0654156
0	53	0.0587154
0	54	0.0540261
0	55	0.0511343
0	56	0.0498826
0	57	0.0501957
0	58	0.0520934
0	59	0.0556988
0	60	0.0612456
0	61	0.0690832
0	62	0.0796739
0	63	0.0935677
0	64	0.111334
0	65	0.133414
0	66	0.15987
0	67	0.190021
0	68	0.222052
0	69	0.252786
0	70	0.27793
0	71	0.292965
0	72	0.294547
0	73	0.281786
0	74	0.256702
0	75	0.223534
0	76	0.187295
0	77	0.152319
0	78	0.121423
0	79	0.0958301
0	80	0.0755745
0	81	0.0600289
0	82	0.0483304
0	83	0.0396332
0	84	0.0332209
0	85	0.0285335
0	86	0.025155
0	87	0.0227874
0	88	0.0212252
0	89	0.0203352
0	90	0.020041
0	91	0.0203151
0	92	0.0211747
0	93	0.022684
0	94	0.0249602
0	95	0.0281862
0	96	0.0326302
0	97	0.0386718
0	98	0.0468373
0	99	0.0578386
0	100	0.0726083
0	101	0.092306
0	102	0.118248
0	103	0.151679
0	104	0.193285
0	105	0.242386
0	106	0.295936
0	107	0.34786
0	108	0.389537
0	109	0.412003
0	110	0.409267
0	111	0.381026
0	112	0.333004
0	113	0.274667
0	114	0.215674
0	115	0.163047
0	116	0.120172
0	117	0.0874388
0	118	0.0635199
0	119	0.0465047
0	120	0.0345647
0	121	0.0262214
0	122	0.0203809
0	123	0.016273
0	124	0.0133705
0	125	0.0113179
0	126	0.00987693
0	127	0.00888997
0	128	0.00825443
0	129	0.00790678
0	130	0.00781279
0	131	0.00796214
0	132	0.00836679
0	133	0.00906245
0	134	0.0101136
0	135	0.0116229
0	136	0.0137464
0	137	0.0167179
0	138	0.0208861
0	139	0.02677
0	140	0.0351402
0	141	0.047132
0	142	0.0643878
0	143	0.0891975
0	144	0.12454
0	145	0.173792
0	146	0.239696
0	147	0.322155
0	148	0.415063
0	149	0.504064
0	150	0.568587
0	151	0.589574
0	152	0.558978
0	153	0.484321
0	154	0.385101
0	155	0.283631
0	156	0.196268
0	157	0.129879
0	158	0.0837324
0	159	0.0534978
0	160	0.0343507
0	161	0.0223981
0	162	0.0149373
0	163	0.0102361
0	164	0.00722846
0	165	0.00526923
0	166	0.00396885
0	167	0.00309051
0	168	0.0024886
0	169	0.00207238
0	170	0.00178469
0	171	0.00158922
0	172	0.00146306
0	173	0.00139224
0	174	0.00136911
0	175	0.00139099
0	176	0.00145968
0	177	0.00158165
0	178	0.00176911
0	179	0.00204194
0	180	0.00243124
0	181	0.00298499
0	182	0.00377749
0	183	0.00492492
0	184	0.00661125
0	185	0.00913166
0	186	0.0129659
0	187	0.018902
0	188	0.028243
0	189	0.0431417
0	190	0.067109
0	191	0.105672
0	192	0.166883
0	193	0.260658
0	194	0.394732
0	195	0.565076
0	196	0.744527
0	197	0.883916
0	198	0.93499
0	199	0.878079
0	200	0.731538
0	201	0.541131
0	202	0.357668
0	203	0.214482
0	204	0.119432
0	205	0.0634208
0	206	0.0329346
0	207	0.0170732
0	208	0.0089686
0	209	0.00482132
0	210	0.00266822
0	211	0.00152519
0	212	0.000902028
0	213	0.000552411
0	214	0.000350432
0	215	0.000230299
0	216	0.000156788
0	217	0.000110569
0	218	8.07578e-05
0	219	6.108e-05
0	220	4.78294e-05
0	221	3.87687e-05
0	222	3.2521e-05
0	223	2.82256e-05
0	224	2.53404e-05
0	225	2.35271e-05
0	226	2.25838e-05
0	227	2.2407e-05
0	228	2.29728e-05
0	229	2.43316e-05
0	230	2.66155e-05
0	231	3.00596e-05
0	232	3.50426e-05
0	233	4.21551e-05
0	234	5.23143e-05
0	235	6.69549e-05
0	236	8.83509e-05
0	237	0.000120165
0	238	0.000168407
0	239	0.000243121
0	240	0.000361439
0	241	0.000553172
0	242	0.000871274
0	243	0.00141176
0	244	0.00235231
0	245	0.00402843
0	246	0.00708566
0	247	0.0127873
0	248	0.0236371
0	249	0.044622
0	250	0.0855648
0	251	0.164986
0	252	0.314004
0	253	0.571406
0	254	0.950139
0	255	1.38291
0	256	1.74096
0	257	1.94355
0	258	1.99467
0	259	1.92655
0	260	1.75725
0	261	1.49224
0	262	1.14928
0	263	0.780374
0	264	0.45927
0	265	0.235011
0	266	0.106683
0	267	0.0441097
0	268	0.0170159
0	269	0.00623895
0	270	0.00220309
0	271	0.000756051
0	272	0.000253727
0	273	8.36276e-05
0	274	2.71538e-05
0	275	8.70513e-06
0	276	2.76e-06
0	277	8.66535e-07
0	278	2.69673e-07
0	279	8.32543e-08
0	280	2.55137e-08
0	281	7.76547e-09
0	282	2.34843e-09
0	283	7.05934e-10
0	284	2.1099e-10
0	285	6.27175e-11
0	286	1.85457e-11
0	287	5.45651e-12
0	288	1.59764e-12
0	289	4.65591e-13
0	290	1.35067e-13
0	291	3.90093e-14
0	292	1.12178e-14
0	293	3.2123e-15
0	294	9.16063e-16
0	295	2.60181e-16
0	296	7.36032e-17
0	297	2.07405e-17
0	298	5.82199e-18
0	299	1.62809e-18
0	300	4.53586e-19
0	301	1.25904e-19
0	302	3.4821e-20
0	303	9.59572e-21
0	304	2.63493e-21
0	305	7.20993e-22
0	306	1.96598e-22
0	307	5.3423e-23
0	308	1.44674e-23
0	309	3.90465e-24
0	310	1.0503e-24
0	311	2.81575e-25
0	312	7.52381e-26
0	313	2.0038e-26
0	314	5.31928e-27
0	315	1.40749e-27
0	316	3.71225e-28
0	317	9.7598e-29
0	318	2.55778e-29
0	319	6.6821e-30
0	320	1.74019e-30
0	321	4.51777e-31
0	322	1.16923e-31
0	323	3.01672e-32
0	324	7.75949e-33
0	325	1.98976e-33
0	326	5.08683e-34
0	327	1.29651e-34
0	328	3.29453e-35
0	329	8.34654e-36
0	330	2.10824e-36
0	331	5.30935e-37
0	332	1.33314e-37
0	333	3.33753e-38
0	334	8.33101e-39
0	335	2.07348e-39
0	336	5.14556e-40
0	337	1.27322e-40
0	338	3.14137e-41
0	339	7.72823e-42
0	340	1.8958e-42
0	341	4.63728e-43
0	342	1.13108e-43
0	343	2.751e-44
0	344	6.67199e-45
0	345	1.6136e-45
0	346	3.89145e-46
0	347	9.3586e-47
0	348	2.24438e-47
0	349	5.36749e-48
0	350	1.28009e-48
0	351	3.04444e-49
0	352	7.22065e-50
0	353	1.70785e-50
0	354	4.02841e-51
0	355	9.4761e-52
0	356	2.22301e-52
0	357	5.20084e-53
0	358	1.21347e-53
0	359	2.82365e-54
0	360	6.55276e-55
0	361	1.5166e-55
0	362	3.50069e-56
0	363	8.05895e-57
0	364	1.85032e-57
0	365	4.23702e-58
0	366	9.67667e-59
0	367	2.20417e-59
0	368	5.00748e-60
0	369	1.13463e-60
0	370	2.5642e-61
0	371	5.77984e-62
0	372	1.29942e-62
0	373	2.91375e-63
0	374	6.51677e-64
0	375	1.45375e-64
0	376	3.23466e-65
0	377	7.17879e-66
0	378	1.58913e-66
0	379	3.5088e-67
0	380	7.7277e-68
0	381	1.69761e-68
0	382	3.71982e-69
0	383	8.13031e-70
0	384	1.77254e-70
0	385	3.85471e-71
0	386	8.36174e-72
0	387	1.80931e-72
0	388	3.90521e-73
0	389	8.40801e-74
0	390	1.80577e-74
0	391	3.86859e-75
0	392	8.26738e-76
0	393	1.76243e-76
0	394	3.74788e-77
0	395	7.95046e-78
0	396	1.68242e-78
0	397	3.55152e-79
0	398	7.47885e-80
0	399	1.57108e-80
0	400	3.29236e-81
0	401	6.88278e-82
0	402	1.43539e-82
0	403	2.98628e-83
0	404	6.19793e-84
0	405	1.28327e-84
0	406	2.65065e-85
0	407	5.46194e-86
0	408	1.12281e-86
0	409	2.30268e-87
0	410	4.71119e-88
0	411	9.61611e-89
0	412	1.95813e-89
0	413	3.97796e-90
0	414	8.06229e-91
0	415	1.63019e-91
0	416	3.28851e-92
0	417	6.6183e-93
0	418	1.32887e-93
0	419	2.66199e-94
0	420	5.32015e-95
0	421	1.06081e-95
0	422	2.1103e-96
0	423	4.18843e-97
0	424	8.29391e-98
0	425	1.63859e-98
0	426	3.22989e-99
0	427	6.35201e-100
0	428	1.24636e-100
0	429	2.44e-101
0	430	4.76594e-102
0	431	9.28803e-103
0	432	1.80599e-103
0	433	3.50372e-104
0	434	6.7821e-105
0	435	1.30985e-105
0	436	2.52411e-106
0	437	4.85313e-107
0	438	9.31034e-108
0	439	1.78214e-108
0	440	3.40371e-109
0	441	6.48633e-110
0	442	1.23334e-110
0	443	2.33997e-111
0	444	4.42973e-112
0	445	8.36737e-113
0	446	1.57706e-113
0	447	2.96588e-114
0	448	5.56557e-115
0	449	1.04212e-115
0	450	1.94706e-116
0	451	3.62992e-117
0	452	6.75263e-118
0	453	1.25345e-118
0	454	2.3217e-119
0	455	4.29107e-120
0	456	7.91391e-121
0	457	1.45641e-121
0	458	2.67452e-122
0	459	4.90092e-123
0	460	8.96154e-124
0	461	1.63517e-124
0	462	2.97727e-125
0	463	5.40943e-126
0	464	9.80766e-127
0	465	1.77444e-127
0	466	3.20361e-128
0	467	5.77171e-129
0	468	1.03766e-129
0	469	1.86164e-130
0	470	3.33294e-131
0	471	5.95457e-132
0	472	1.06162e-132
0	473	1.88878e-133
0	474	3.35345e-134
0	475	5.94159e-135
0	476	1.05054e-135
0	477	1.85365e-136
0	478	3.26397e-137
0	479	5.73549e-138
0	480	1.00578e-138
0	481	1.76013e-139
0	482	3.07396e-140
0	483	5.35752e-141
0	484	9.31845e-142
0	485	1.61749e-142
0	486	2.80191e-143
0	487	4.84383e-144
0	488	8.35687e-145
0	489	1.43887e-145
0	490	2.47243e-146
0	491	4.23986e-147
0	492	7.25616e-148
0	493	1.23934e-148
0	494	2.11255e-149
0	495	3.59381e-150
0	496	6.10137e-151
0	497	1.03301e-151
0	498	1.69858e-152
0	499	0
1	0	0
1	1	-0.29265
1	2	11.637
1	3	-0.356998
1	4	12.858
1	5	-0.369915
1	6	30.6571
1	7	-0.595969
1	8	-0.608907
1	9	-0.607461
1	10	-0.605757
1	11	-0.604851
1	12	-0.604549
1	13	-0.60476
1	14	-0.605616
1	15	-0.607319
1	16	-0.608783
1	17	-0.595841
1	18	27.42
1	19	4.60264
1	20	-0.419681
1	21	7.48404
1	22	5.00265
1	23	-0.426311
1	24	8.41734
1	25	2.82251
1	26	1.2799
1	27	4.01373
1	28	3.12678
1	29	2.68184
1	30	2.68766
1	31	2.80156
1	32	2.86126
1	33	2.87822
1	34	2.88598
1	35	2.89259
1	36	2.89302
1	37	2.88153
1	38	2.85528
1	39	2.81399
1	40	2.7593
1	41	2.69452
1	42	2.6244
1	43	2.55462
1	44	2.49105
1	45	2.43885
1	46	2.40186
1	47	2.38227
1	48	2.3807
1	49	2.39641
1	50	2.42778
1	51	2.47262
1	52	2.52853
1	53	2.5931
1	54	2.66405
1	55	2.73923
1	56	2.8166
1	57	2.89418
1	58	2.96993
1	59	3.04165
1	60	3.1069
1	61	3.16283
1	62	3.20613
1	63	3.23297
1	64	3.23912
1	65	3.22026
1	66	3.17261
1	67	3.09401
1	68	2.98512
1	69	2.8505
1	70	2.69882
1	71	2.54175
1	72	2.39173
1	73	2.25952
1	74	2.15246
1	75	2.07409
1	76	2.02467
1	77	2.00214
1	78	2.0032
1	79	2.02405
1	80	2.06099
1	81	2.11069
1	82	2.1704
1	83	2.23786
1	84	2.31135
1	85	2.38949
1	86	2.47123
1	87	2.5557
1	88	2.64219
1	89	2.73009
1	90	2.81881
1	91	2.90778
1	92	2.99636
1	93	3.08386
1	94	3.16938
1	95	3.25187
1	96	3.32991
1	97	3.40168
1	98	3.46475
1	99	3.51592
1	100	3.55103
1	101	3.56481
1	102	3.55093
1	103	3.50242
1	104	3.41286
1	105	3.27833
1	106	3.10007
1	107	2.88668
1	108	2.65411
1	109	2.4226
1	110	2.21151
1	111	2.03486
1	112	1.89954
1	113	1.8063
1	114	1.75187
1	115	1.73095
1	116	1.73762
1	117	1.76619
1	118	1.81164
1	119	1.86992
1	120	1.93785
1	121	2.01309
1	122	2.09391
1	123	2.17908
1	124	2.26768
1	125	2.35905
1	126	2.45267
1	127	2.54815
1	128	2.64515
1	129	2.74338
1	130	2.84257
1	131	2.94244
1	132	3.04268
1	133	3.14294
1	134	3.2428
1	135	3.34168
1	136	3.43885
1	137	3.53327
1	138	3.6235
1	139	3.70745
1	140	3.78214
1	141	3.84327
1	142	3.88467
1	143	3.89777
1	144	3.87122
1	145	3.79136
1	146	3.64454
1	147	3.42234
1	148	3.12902
1	149	2.78696
1	150	2.43358
1	151	2.10861
1	152	1.84013
1	153	1.63917
1	154	1.50339
1	155	1.42396
1	156	1.39033
1	157	1.39242
1	158	1.4213
1	159	1.46955
1	160	1.53151
1	161	1.60307
1	162	1.68148
1	163	1.76489
1	164	1.85212
1	165	1.94237
1	166	2.03512
1	167	2.13
1	168	2.22674
1	169	2.32515
1	170	2.42506
1	171	2.52634
1	172	2.62888
1	173	2.73259
1	174	2.83737
1	175	2.94312
1	176	3.04977
1	177	3.15719
1	178	3.26528
1	179	3.37391
1	180	3.4829
1	181	3.59201
1	182	3.70093
1	183	3.80918
1	184	3.91606
1	185	4.0205
1	186	4.12081
1	187	4.21428
1	188	4.29655
1	189	4.36055
1	190	4.39491
1	191	4.38197
1	192	4.29613
1	193	4.10539
1	194	3.78132
1	195	3.32128
1	196	2.77108
1	197	2.21786
1	198	1.74479
1	199	1.39104
1	200	1.15223
1	201	1.00427
1	202	0.923043
1	203	0.891046
1	204	0.895693
1	205	0.92669
1	206	0.975546
1	207	1.03601
1	208	1.10404
1	209	1.17723
1	210	1.25423
1	211	1.33427
1	212	1.41691
1	213	1.50188
1	214	1.58896
1	215	1.67803
1	216	1.76895
1	217	1.86163
1	218	1.95597
1	219	2.05188
1	220	2.14931
1	221	2.24815
1	222	2.34836
1	223	2.44987
1	224	2.5526
1	225	2.65652
1	226	2.76155
1	227	2.86766
1	228	2.97479
1	229	3.08289
1	230	3.19193
1	231	3.30185
1	232	3.41263
1	233	3.52422
1	234	3.63657
1	235	3.74967
1	236	3.86345
1	237	3.97789
1	238	4.09294
1	239	4.20852
1	240	4.32457
1	241	4.44096
1	242	4.5575
1	243	4.67387
1	244	4.78949
1	245	4.90332
1	246	5.01341
1	247	5.11599
1	248	5.20371
1	249	5.26218
1	250	5.26356
1	251	5.15687
1	252	4.86049
1	253	4.28235
1	254	3.40776
1	255	2.40288
1	256	1.52937
1	257	0.92163
1	258	0.552754
1	259	0.345062
1	260	0.234451
1	261	0.177738
1	262	0.14492
1	263	0.115776
1	264	0.0828729
1	265	0.0508493
1	266	0.0267436
1	267	0.0123529
1	268	0.00516511
1	269	0.00200755
1	270	0.000739951
1	271	0.000262286
1	272	9.02687e-05
1	273	3.03612e-05
1	274	1.00248e-05
1	275	3.25979e-06
1	276	1.04632e-06
1	277	3.32084e-07
1	278	1.04355e-07
1	279	3.25011e-08
1	280	1.00407e-08
1	281	3.07885e-09
1	282	9.37585e-10
1	283	2.83676e-10
1	284	8.5308e-11
1	285	2.55063e-11
1	286	7.5843e-12
1	287	2.24335e-12
1	288	6.60205e-13
1	289	1.93348e-13
1	290	5.63571e-14
1	291	1.63518e-14
1	292	4.72332e-15
1	293	1.35844e-15
1	294	3.89034e-16
1	295	1.10951e-16
1	296	3.1514e-17
1	297	8.91539e-18
1	298	2.5123e-18
1	299	7.05216e-19
1	300	1.97206e-19
1	301	5.49399e-20
1	302	1.52492e-20
1	303	4.21714e-21
1	304	1.16204e-21
1	305	3.19058e-22
1	306	8.72941e-23
1	307	2.38002e-23
1	308	6.46651e-24
1	309	1.75093e-24
1	310	4.72486e-25
1	311	1.2707e-25
1	312	3.406e-26
1	313	9.09917e-27
1	314	2.42285e-27
1	315	6.43028e-28
1	316	1.70106e-28
1	317	4.48547e-29
1	318	1.17896e-29
1	319	3.08893e-30
1	320	8.06748e-31
1	321	2.10038e-31
1	322	5.45127e-32
1	323	1.4104e-32
1	324	3.63781e-33
1	325	9.35398e-34
1	326	2.39784e-34
1	327	6.12797e-35
1	328	1.56132e-35
1	329	3.96601e-36
1	330	1.0044e-36
1	331	2.53604e-37
1	332	6.38423e-38
1	333	1.6024e-38
1	334	4.01001e-39
1	335	1.00055e-39
1	336	2.48919e-40
1	337	6.17458e-41
1	338	1.52718e-41
1	339	3.76627e-42
1	340	9.26142e-43
1	341	2.27087e-43
1	342	5.55214e-44
1	343	1.35359e-44
1	344	3.29059e-45
1	345	7.97678e-46
1	346	1.9282e-46
1	347	4.64785e-47
1	348	1.1172e-47
1	349	2.67789e-48
1	350	6.40093e-49
1	351	1.52575e-49
1	352	3.62676e-50
1	353	8.59712e-51
1	354	2.03231e-51
1	355	4.79108e-52
1	356	1.12639e-52
1	357	2.64091e-53
1	358	6.17502e-54
1	359	1.43994e-54
1	360	3.34868e-55
1	361	7.76661e-56
1	362	1.79647e-56
1	363	4.14424e-57
1	364	9.53469e-58
1	365	2.18781e-58
1	366	5.00677e-59
1	367	1.14276e-59
1	368	2.60136e-60
1	369	5.90612e-61
1	370	1.3374e-61
1	371	3.02051e-62
1	372	6.804e-63
1	373	1.52867e-63
1	374	3.42559e-64
1	375	7.65647e-65
1	376	1.70686e-65
1	377	3.7953e-66
1	378	8.41737e-67
1	379	1.86205e-67
1	380	4.1086e-68
1	381	9.04246e-69
1	382	1.98506e-69
1	383	4.34667e-70
1	384	9.49376e-71
1	385	2.06834e-71
1	386	4.4948e-72
1	387	9.7433e-73
1	388	2.10675e-73
1	389	4.54392e-74
1	390	9.77609e-75
1	391	2.09806e-75
1	392	4.4915e-76
1	393	9.59153e-77
1	394	2.0432e-77
1	395	4.34173e-78
1	396	9.20334e-79
1	397	1.94609e-79
1	398	4.10502e-80
1	399	8.63789e-81
1	400	1.81318e-81
1	401	3.79681e-82
1	402	7.93127e-83
1	403	1.65278e-83
1	404	3.4359e-84
1	405	7.12555e-85
1	406	1.47419e-85
1	407	3.04261e-86
1	408	6.26469e-87
1	409	1.28682e-87
1	410	2.63694e-88
1	411	5.39079e-89
1	412	1.09945e-89
1	413	2.23702e-90
1	414	4.54088e-91
1	415	9.19576e-92
1	416	1.85787e-92
1	417	3.74476e-93
1	418	7.53041e-94
1	419	1.51077e-94
1	420	3.02391e-95
1	421	6.0385e-96
1	422	1.20305e-96
1	423	2.39129e-97
1	424	4.74219e-98
1	425	9.38265e-99
1	426	1.85214e-99
1	427	3.64777e-100
1	428	7.16782e-101
1	429	1.40525e-101
1	430	2.74874e-102
1	431	5.36445e-103
1	432	1.04456e-103
1	433	2.02934e-104
1	434	3.93367e-105
1	435	7.60784e-106
1	436	1.46807e-106
1	437	2.82657e-107
1	438	5.43e-108
1	439	1.0408e-108
1	440	1.99053e-109
1	441	3.79842e-110
1	442	7.23224e-111
1	443	1.37398e-111
1	444	2.60451e-112
1	445	4.92622e-113
1	446	9.29704e-114
1	447	1.75074e-114
1	448	3.28962e-115
1	449	6.16763e-116
1	450	1.15383e-116
1	451	2.15387e-117
1	452	4.01193e-118
1	453	7.45663e-119
1	454	1.3829e-119
1	455	2.55918e-120
1	456	4.72577e-121
1	457	8.70782e-122
1	458	1.60108e-122
1	459	2.93754e-123
1	460	5.37805e-124
1	461	9.82514e-125
1	462	1.79113e-125
1	463	3.25829e-126
1	464	5.91466e-127
1	465	1.0714e-127
1	466	1.93665e-128
1	467	3.49329e-129
1	468	6.28787e-130
1	469	1.12943e-130
1	470	2.02443e-131
1	471	3.62106e-132
1	472	6.4634e-133
1	473	1.15128e-133
1	474	2.04642e-134
1	475	3.62999e-135
1	476	6.42562e-136
1	477	1.13508e-136
1	478	2.00096e-137
1	479	3.5201e-138
1	480	6.17984e-139
1	481	1.0827e-139
1	482	1.89298e-140
1	483	3.3029e-141
1	484	5.75119e-142
1	485	9.99386e-143
1	486	1.73311e-143
1	487	2.9994e-144
1	488	5.18039e-145
1	489	8.92917e-146
1	490	1.53597e-146
1	491	2.6368e-147
1	492	4.5175e-148
1	493	7.72406e-149
1	494	1.31802e-149
1	495	2.24455e-150
1	496	3.81468e-151
1	497	6.4653e-152
1	498	1.06414e-152
1	499	0
