2	350
0	0	0
0	1	0.0999026
0	2	0.0258715
0	3	0.152081
0	4	0.043845
0	5	0.146506
0	6	0.0931045
0	7	0.584495
0	8	0.861353
0	9	0.987057
0	10	1.04314
0	11	1.06676
0	12	1.07426
0	13	1.07154
0	14	1.05612
0	15	1.01023
0	16	0.887311
0	17	0.602509
0	18	0.0244175
0	19	0.0443163
0	20	0.190056
0	21	0.0635285
0	22	0.0569066
0	23	0.0871552
0	24	0.0990719
0	25	0.0995862
0	26	0.10949
0	27	0.134225
0	28	0.173556
0	29	0.225536
0	30	0.284951
0	31	0.34086
0	32	0.377204
0	33	0.379018
0	34	0.341516
0	35	0.274523
0	36	0.197509
0	37	0.128849
0	38	0.0779772
0	39	0.0451433
0	40	0.0258878
0	41	0.0152117
0	42	0.0094124
0	43	0.00623742
0	44	0.0044549
0	45	0.00342548
0	46	0.00282268
0	47	0.00247923
0	48	0.00230955
0	49	0.00227211
0	50	0.00235204
0	51	0.00255394
0	52	0.00290095
0	53	0.00343849
0	54	0.00424359
0	55	0.00544185
0	56	0.00723704
0	57	0.00996187
0	58	0.0141649
0	59	0.0207589
0	60	0.0312696
0	61	0.0482387
0	62	0.0758221
0	63	0.120507
0	64	0.191452
0	65	0.298931
0	66	0.448121
0	67	0.62711
0	68	0.797499
0	69	0.904794
0	70	0.908553
0	71	0.805805
0	72	0.630996
0	73	0.437544
0	74	0.271633
0	75	0.154137
0	76	0.0821494
0	77	0.0422964
0	78	0.021563
0	79	0.0110921
0	80	0.00583163
0	81	0.00315806
0	82	0.00176906
0	83	0.00102716
0	84	0.000618692
0	85	0.000386677
0	86	0.00025075
0	87	0.000168686
0	88	0.000117697
0	89	8.51506e-05
0	90	6.38605e-05
0	91	4.96341e-05
0	92	3.99677e-05
0	93	3.33347e-05
0	94	2.87883e-05
0	95	2.5736e-05
0	96	2.38091e-05
0	97	2.27873e-05
0	98	2.25559e-05
0	99	2.30842e-05
0	100	2.44188e-05
0	101	2.66904e-05
0	102	3.01353e-05
0	103	3.5136e-05
0	104	4.22914e-05
0	105	5.25341e-05
0	106	6.73265e-05
0	107	8.89921e-05
0	108	0.000121284
0	109	0.000170375
0	110	0.000246616
0	111	0.000367716
0	112	0.000564591
0	113	0.00089235
0	114	0.00145128
0	115	0.00242768
0	116	0.00417468
0	117	0.00737446
0	118	0.0133671
0	119	0.0248183
0	120	0.0470513
0	121	0.0905599
0	122	0.175058
0	123	0.333195
0	124	0.603784
0	125	0.994111
0	126	1.42659
0	127	1.7707
0	128	1.95488
0	129	1.98972
0	130	1.90725
0	131	1.72338
0	132	1.44391
0	133	1.0912
0	134	0.723325
0	135	0.414435
0	136	0.206508
0	137	0.0914631
0	138	0.0369689
0	139	0.0139566
0	140	0.00500806
0	141	0.00172922
0	142	0.000579389
0	143	0.000189468
0	144	6.0714e-05
0	145	1.91194e-05
0	146	5.92926e-06
0	147	1.81366e-06
0	148	5.47861e-07
0	149	1.63591e-07
0	150	4.83233e-08
0	151	1.41298e-08
0	152	4.09186e-09
0	153	1.1741e-09
0	154	3.33921e-10
0	155	9.41627e-11
0	156	2.63348e-11
0	157	7.30634e-12
0	158	2.01133e-12
0	159	5.49488e-13
0	160	1.49005e-13
0	161	4.01123e-14
0	162	1.07212e-14
0	163	2.84551e-15
0	164	7.50019e-16
0	165	1.96348e-16
0	166	5.10582e-17
0	167	1.31895e-17
0	168	3.38495e-18
0	169	8.6312e-19
0	170	2.18684e-19
0	171	5.5058e-20
0	172	1.37756e-20
0	173	3.42541e-21
0	174	8.46553e-22
0	175	2.0795e-22
0	176	5.07753e-23
0	177	1.23241e-23
0	178	2.97364e-24
0	179	7.13304e-25
0	180	1.70111e-25
0	181	4.03349e-26
0	182	9.50912e-27
0	183	2.22909e-27
0	184	5.19589e-28
0	185	1.20436e-28
0	186	2.77606e-29
0	187	6.36351e-30
0	188	1.45069e-30
0	189	3.28913e-31
0	190	7.41696e-32
0	191	1.66351e-32
0	192	3.71104e-33
0	193	8.23471e-34
0	194	1.8176e-34
0	195	3.99077e-35
0	196	8.71643e-36
0	197	1.8939e-36
0	198	4.09376e-37
0	199	8.80337e-38
0	200	1.88342e-38
0	201	4.00896e-39
0	202	8.49009e-40
0	203	1.78896e-40
0	204	3.75066e-41
0	205	7.82429e-42
0	206	1.62414e-42
0	207	3.35471e-43
0	208	6.89523e-44
0	209	1.41031e-44
0	210	2.87056e-45
0	211	5.81448e-46
0	212	1.17209e-46
0	213	2.35138e-47
0	214	4.69472e-48
0	215	9.32889e-49
0	216	1.84499e-49
0	217	3.6317e-50
0	218	7.11522e-51
0	219	1.38752e-51
0	220	2.6932e-52
0	221	5.20341e-53
0	222	1.00071e-53
0	223	1.91572e-54
0	224	3.65069e-55
0	225	6.92535e-56
0	226	1.3078e-56
0	227	2.45858e-57
0	228	4.60127e-58
0	229	8.57292e-59
0	230	1.59018e-59
0	231	2.93657e-60
0	232	5.39903e-61
0	233	9.88288e-62
0	234	1.80115e-62
0	235	3.26831e-63
0	236	5.90487e-64
0	237	1.06223e-64
0	238	1.90265e-65
0	239	3.39342e-66
0	240	6.02642e-67
0	241	1.0657e-67
0	242	1.87658e-68
0	243	3.29055e-69
0	244	5.74571e-70
0	245	9.99079e-71
0	246	1.72999e-71
0	247	2.98322e-72
0	248	5.12303e-73
0	249	8.76151e-74
0	250	1.49227e-74
0	251	2.53126e-75
0	252	4.27619e-76
0	253	7.19471e-77
0	254	1.20563e-77
0	255	2.01215e-78
0	256	3.34477e-79
0	257	5.53774e-80
0	258	9.13206e-81
0	259	1.49996e-81
0	260	2.45398e-82
0	261	3.999e-83
0	262	6.49121e-84
0	263	1.04954e-84
0	264	1.69036e-85
0	265	2.71189e-86
0	266	4.33393e-87
0	267	6.89948e-88
0	268	1.09416e-88
0	269	1.72855e-89
0	270	2.72034e-90
0	271	4.26494e-91
0	272	6.66126e-92
0	273	1.03647e-92
0	274	1.60666e-93
0	275	2.4812e-94
0	276	3.81745e-95
0	277	5.85149e-96
0	278	8.93608e-97
0	279	1.35963e-97
0	280	2.06105e-98
0	281	3.11288e-99
0	282	4.68429e-100
0	283	7.02325e-101
0	284	1.04918e-101
0	285	1.56167e-102
0	286	2.31609e-103
0	287	3.4226e-104
0	288	5.03961e-105
0	289	7.39403e-106
0	290	1.08097e-106
0	291	1.57472e-107
0	292	2.28587e-108
0	293	3.30646e-109
0	294	4.7659e-110
0	295	6.84542e-111
0	296	9.79793e-112
0	297	1.3975e-112
0	298	1.98636e-113
0	299	2.81357e-114
0	300	3.9715e-115
0	301	5.58668e-116
0	302	7.83177e-117
0	303	1.09415e-117
0	304	1.52339e-118
0	305	2.11381e-119
0	306	2.92312e-120
0	307	4.02862e-121
0	308	5.5335e-122
0	309	7.57498e-123
0	310	1.03349e-123
0	311	1.40533e-124
0	312	1.90459e-125
0	313	2.57265e-126
0	314	3.46355e-127
0	315	4.64756e-128
0	316	6.2158e-129
0	317	8.28593e-130
0	318	1.10094e-130
0	319	1.45803e-131
0	320	1.92466e-132
0	321	2.53238e-133
0	322	3.32123e-134
0	323	4.34176e-135
0	324	5.65762e-136
0	325	7.34864e-137
0	326	9.51456e-138
0	327	1.22796e-138
0	328	1.57977e-139
0	329	2.02594e-140
0	330	2.58991e-141
0	331	3.30042e-142
0	332	4.19263e-143
0	333	5.30933e-144
0	334	6.70243e-145
0	335	8.43468e-146
0	336	1.05816e-146
0	337	1.32338e-147
0	338	1.64996e-148
0	339	2.05078e-149
0	340	2.54113e-150
0	341	3.13906e-151
0	342	3.86582e-152
0	343	4.7463e-153
0	344	5.80958e-154
0	345	7.08946e-155
0	346	8.62508e-156
0	347	1.04595e-156
0	348	1.24678e-157
0	349	0
1	0	0
1	1	-0.329232
1	2	10.7462
1	3	-0.415512
1	4	7.84776
1	5	-0.412189
1	6	32.1798
1	7	-0.598487
1	8	-0.608821
1	9	-0.607446
1	10	-0.605717
1	11	-0.604715
1	12	-0.60407
1	13	-0.603559
1	14	-0.604146
1	15	-0.609042
1	16	-0.619874
1	17	-0.620365
1	18	25.9221
1	19	5.86792
1	20	-0.461274
1	21	4.88065
1	22	3.77918
1	23	2.98834
1	24	3.19539
1	25	3.50861
1	26	3.58776
1	27	3.53375
1	28	3.41748
1	29	3.2468
1	30	3.01942
1	31	2.74742
1	32	2.46067
1	33	2.19644
1	34	1.98432
1	35	1.83822
1	36	1.75833
1	37	1.73703
1	38	1.7633
1	39	1.82516
1	40	1.91161
1	41	2.01394
1	42	2.12609
1	43	2.24426
1	44	2.36612
1	45	2.49031
1	46	2.61595
1	47	2.74245
1	48	2.86941
1	49	2.99649
1	50	3.12341
1	51	3.24992
1	52	3.37575
1	53	3.50061
1	54	3.62411
1	55	3.74575
1	56	3.86473
1	57	3.97987
1	58	4.08924
1	59	4.18972
1	60	4.27622
1	61	4.34033
1	62	4.36855
1	63	4.34
1	64	4.22529
1	65	3.99045
1	66	3.61228
1	67	3.10515
1	68	2.53733
1	69	2.00489
1	70	1.57816
1	71	1.27591
1	72	1.08108
1	73	0.966996
1	74	0.911878
1	75	0.90055
1	76	0.921286
1	77	0.96419
1	78	1.02155
1	79	1.08813
1	80	1.16078
1	81	1.23771
1	82	1.31795
1	83	1.40094
1	84	1.48634
1	85	1.57393
1	86	1.66355
1	87	1.75506
1	88	1.84837
1	89	1.94337
1	90	2.03997
1	91	2.13809
1	92	2.23766
1	93	2.33861
1	94	2.44086
1	95	2.54436
1	96	2.64905
1	97	2.75487
1	98	2.86176
1	99	2.96968
1	100	3.07858
1	101	3.18842
1	102	3.29914
1	103	3.41072
1	104	3.52311
1	105	3.63626
1	106	3.75015
1	107	3.86474
1	108	3.97997
1	109	4.0958
1	110	4.21217
1	111	4.32899
1	112	4.44614
1	113	4.56342
1	114	4.68049
1	115	4.79675
1	116	4.91111
1	117	5.02149
1	118	5.1239
1	119	5.21051
1	120	5.26592
1	121	5.2604
1	122	5.13972
1	123	4.81867
1	124	4.20651
1	125	3.30346
1	126	2.29657
1	127	1.44643
1	128	0.867563
1	129	0.520898
1	130	0.327617
1	131	0.225681
1	132	0.173457
1	133	0.141807
1	134	0.111799
1	135	0.0780635
1	136	0.0465172
1	137	0.0237763
1	138	0.0107017
1	139	0.00437118
1	140	0.00166195
1	141	0.000599332
1	142	0.000207691
1	143	6.97776e-05
1	144	2.28658e-05
1	145	7.3392e-06
1	146	2.31417e-06
1	147	7.18406e-07
1	148	2.19929e-07
1	149	6.64779e-08
1	150	1.98602e-08
1	151	5.8687e-09
1	152	1.71646e-09
1	153	4.97152e-10
1	154	1.4266e-10
1	155	4.05731e-11
1	156	1.14403e-11
1	157	3.19904e-12
1	158	8.87347e-13
1	159	2.44204e-13
1	160	6.66931e-14
1	161	1.80781e-14
1	162	4.86445e-15
1	163	1.29953e-15
1	164	3.44719e-16
1	165	9.08073e-17
1	166	2.37575e-17
1	167	6.1737e-18
1	168	1.59367e-18
1	169	4.0869e-19
1	170	1.04128e-19
1	171	2.63606e-20
1	172	6.63108e-21
1	173	1.65762e-21
1	174	4.11797e-22
1	175	1.01673e-22
1	176	2.49507e-23
1	177	6.08599e-24
1	178	1.47563e-24
1	179	3.55666e-25
1	180	8.52211e-26
1	181	2.03008e-26
1	182	4.80794e-27
1	183	1.13215e-27
1	184	2.65074e-28
1	185	6.17112e-29
1	186	1.42861e-29
1	187	3.28877e-30
1	188	7.529e-31
1	189	1.71413e-31
1	190	3.8812e-32
1	191	8.74017e-33
1	192	1.95759e-33
1	193	4.36097e-34
1	194	9.66317e-35
1	195	2.12983e-35
1	196	4.66953e-36
1	197	1.0184e-36
1	198	2.20947e-37
1	199	4.76873e-38
1	200	1.02393e-38
1	201	2.18727e-39
1	202	4.64852e-40
1	203	9.82914e-41
1	204	2.06785e-41
1	205	4.32848e-42
1	206	9.01521e-43
1	207	1.86832e-43
1	208	3.85279e-44
1	209	7.90599e-45
1	210	1.61438e-45
1	211	3.28044e-46
1	212	6.63359e-47
1	213	1.33495e-47
1	214	2.67356e-48
1	215	5.32885e-49
1	216	1.05708e-49
1	217	2.08699e-50
1	218	4.10092e-51
1	219	8.02048e-52
1	220	1.5613e-52
1	221	3.02517e-53
1	222	5.83444e-54
1	223	1.12007e-54
1	224	2.14038e-55
1	225	4.07148e-56
1	226	7.70965e-57
1	227	1.45327e-57
1	228	2.72708e-58
1	229	5.09445e-59
1	230	9.47439e-60
1	231	1.75416e-60
1	232	3.2334e-61
1	233	5.93377e-62
1	234	1.08415e-62
1	235	1.97217e-63
1	236	3.57195e-64
1	237	6.44136e-65
1	238	1.15656e-65
1	239	2.06771e-66
1	240	3.68081e-67
1	241	6.52441e-68
1	242	1.15157e-68
1	243	2.02393e-69
1	244	3.54214e-70
1	245	6.17317e-71
1	246	1.07135e-71
1	247	1.85157e-72
1	248	3.18671e-73
1	249	5.46192e-74
1	250	9.32301e-75
1	251	1.58483e-75
1	252	2.68305e-76
1	253	4.5238e-77
1	254	7.5965e-78
1	255	1.27047e-78
1	256	2.11624e-79
1	257	3.51091e-80
1	258	5.80143e-81
1	259	9.54812e-82
1	260	1.56522e-82
1	261	2.55572e-83
1	262	4.15659e-84
1	263	6.73372e-85
1	264	1.0866e-85
1	265	1.7466e-86
1	266	2.79657e-87
1	267	4.46043e-88
1	268	7.0868e-89
1	269	1.12164e-89
1	270	1.76845e-90
1	271	2.77761e-91
1	272	4.34608e-92
1	273	6.77448e-93
1	274	1.05199e-93
1	275	1.62748e-94
1	276	2.50834e-95
1	277	3.85152e-96
1	278	5.89196e-97
1	279	8.97993e-98
1	280	1.36357e-98
1	281	2.06291e-99
1	282	3.10947e-100
1	283	4.66981e-101
1	284	6.98756e-102
1	285	1.04177e-102
1	286	1.54753e-103
1	287	2.29053e-104
1	288	3.37807e-105
1	289	4.96408e-106
1	290	7.26866e-107
1	291	1.06052e-107
1	292	1.54183e-108
1	293	2.23365e-109
1	294	3.22447e-110
1	295	4.63842e-111
1	296	6.64899e-112
1	297	9.49774e-113
1	298	1.35197e-113
1	299	1.91781e-114
1	300	2.71103e-115
1	301	3.81911e-116
1	302	5.36158e-117
1	303	7.50119e-118
1	304	1.04587e-118
1	305	1.45326e-119
1	306	2.01248e-120
1	307	2.77742e-121
1	308	3.82018e-122
1	309	5.23672e-123
1	310	7.15441e-124
1	311	9.74162e-125
1	312	1.32201e-125
1	313	1.78811e-126
1	314	2.41049e-127
1	315	3.23876e-128
1	316	4.33728e-129
1	317	5.78927e-130
1	318	7.70199e-131
1	319	1.02132e-131
1	320	1.34989e-132
1	321	1.77837e-133
1	322	2.33525e-134
1	323	3.05661e-135
1	324	3.9879e-136
1	325	5.18621e-137
1	326	6.72297e-138
1	327	8.68723e-139
1	328	1.11896e-139
1	329	1.4367e-140
1	330	1.83882e-141
1	331	2.34604e-142
1	332	2.98374e-143
1	333	3.78286e-144
1	334	4.78096e-145
1	335	6.02352e-146
1	336	7.56535e-147
1	337	9.4723e-148
1	338	1.18231e-148
1	339	1.47118e-149
1	340	1.82497e-150
1	341	2.25689e-151
1	342	2.78246e-152
1	343	3.41993e-153
1	344	4.19062e-154
1	345	5.11936e-155
1	346	6.23492e-156
1	347	7.56905e-157
1	348	9.03164e-158
1	349	0
