2	350
0	0	0
0	1	1.19807
0	2	1.45784
0	3	1.50256
0	4	1.13254
0	5	0.673643
0	6	0.425403
0	7	0.930663
0	8	1.17558
0	9	1.34916
0	10	1.48611
0	11	1.53011
0	12	1.49209
0	13	1.42438
0	14	1.37298
0	15	1.36575
0	16	1.4248
0	17	1.58013
0	18	1.89153
0	19	1.81252
0	20	1.5778
0	21	1.22065
0	22	0.805255
0	23	0.438141
0	24	0.195669
0	25	0.0732591
0	26	0.023691
0	27	0.00679193
0	28	0.00175949
0	29	0.000417419
0	30	9.15522e-05
0	31	1.86955e-05
0	32	3.57398e-06
0	33	6.42458e-07
0	34	1.09e-07
0	35	1.75098e-08
0	36	2.67062e-09
0	37	3.87696e-10
0	38	5.36869e-11
0	39	7.10561e-12
0	40	9.00468e-13
0	41	1.0944e-13
0	42	1.27753e-14
0	43	1.43433e-15
0	44	1.5508e-16
0	45	1.61656e-17
0	46	1.62639e-18
0	47	1.58083e-19
0	48	1.48585e-20
0	49	1.35164e-21
0	50	1.19095e-22
0	51	1.01716e-23
0	52	8.42664e-25
0	53	6.77583e-26
0	54	5.29145e-27
0	55	4.01546e-28
0	56	2.96258e-29
0	57	2.12613e-30
0	58	1.48488e-31
0	59	1.00963e-32
0	60	6.68599e-34
0	61	4.31387e-35
0	62	2.71277e-36
0	63	1.66318e-37
0	64	9.9443e-39
0	65	5.80009e-40
0	66	3.30088e-41
0	67	1.8334e-42
0	68	9.94049e-44
0	69	5.26217e-45
0	70	2.72021e-46
0	71	1.37337e-47
0	72	6.773e-49
0	73	3.26311e-50
0	74	1.53598e-51
0	75	7.06452e-53
0	76	3.17505e-54
0	77	1.39449e-55
0	78	5.9854e-57
0	79	2.5107e-58
0	80	1.02926e-59
0	81	4.1236e-61
0	82	1.61452e-62
0	83	6.17744e-64
0	84	2.30965e-65
0	85	8.43774e-67
0	86	3.0117e-68
0	87	1.05016e-69
0	88	3.57687e-71
0	89	1.18986e-72
0	90	3.86514e-74
0	91	1.22584e-75
0	92	3.79499e-77
0	93	1.14658e-78
0	94	3.37995e-80
0	95	9.71876e-82
0	96	2.7251e-83
0	97	7.44882e-85
0	98	1.98416e-86
0	99	5.14859e-88
0	100	1.30091e-89
0	101	3.19938e-91
0	102	7.65483e-93
0	103	1.78089e-94
0	104	4.02649e-96
0	105	8.84194e-98
0	106	1.88459e-99
0	107	3.89608e-101
0	108	7.80643e-103
0	109	1.51471e-104
0	110	2.84359e-106
0	111	5.15991e-108
0	112	9.04043e-110
0	113	1.52757e-111
0	114	2.4861e-113
0	115	3.89163e-115
0	116	5.85015e-117
0	117	8.43096e-119
0	118	1.16261e-120
0	119	1.53078e-122
0	120	1.9199e-124
0	121	2.28753e-126
0	122	2.5814e-128
0	123	2.7494e-130
0	124	2.75283e-132
0	125	2.57913e-134
0	126	2.24886e-136
0	127	1.81325e-138
0	128	1.34154e-140
0	129	9.02196e-143
0	130	5.45046e-145
0	131	2.91381e-147
0	132	1.35129e-149
0	133	5.28943e-152
0	134	1.67911e-154
0	135	4.05628e-157
0	136	6.6349e-160
0	137	5.51728e-163
0	138	0
0	139	0
0	140	0
0	141	0
0	142	0
0	143	0
0	144	0
0	145	0
0	146	0
0	147	0
0	148	0
0	149	0
0	150	0
0	151	0
0	152	0
0	153	0
0	154	0
0	155	0
0	156	0
0	157	0
0	158	0
0	159	0
0	160	0
0	161	0
0	162	0
0	163	0
0	164	0
0	165	0
0	166	0
0	167	0
0	168	0
0	169	0
0	170	0
0	171	0
0	172	0
0	173	0
0	174	0
0	175	0
0	176	0
0	177	0
0	178	0
0	179	0
0	180	0
0	181	0
0	182	0
0	183	0
0	184	0
0	185	0
0	186	0
0	187	0
0	188	0
0	189	0
0	190	0
0	191	0
0	192	0
0	193	0
0	194	0
0	195	0
0	196	0
0	197	0
0	198	0
0	199	0
0	200	0
0	201	0
0	202	0
0	203	0
0	204	0
0	205	0
0	206	0
0	207	0
0	208	0
0	209	0
0	210	0
0	211	0
0	212	0
0	213	0
0	214	0
0	215	0
0	216	0
0	217	0
0	218	0
0	219	0
0	220	0
0	221	0
0	222	0
0	223	0
0	224	0
0	225	0
0	226	0
0	227	0
0	228	0
0	229	0
0	230	0
0	231	0
0	232	0
0	233	0
0	234	0
0	235	0
0	236	0
0	237	0
0	238	0
0	239	0
0	240	0
0	241	0
0	242	0
0	243	0
0	244	0
0	245	0
0	246	0
0	247	0
0	248	0
0	249	0
0	250	0
0	251	0
0	252	0
0	253	0
0	254	0
0	255	0
0	256	0
0	257	0
0	258	0
0	259	0
0	260	0
0	261	0
0	262	0
0	263	0
0	264	0
0	265	0
0	266	0
0	267	0
0	268	0
0	269	0
0	270	0
0	271	0
0	272	0
0	273	0
0	274	0
0	275	0
0	276	0
0	277	0
0	278	0
0	279	0
0	280	0
0	281	0
0	282	0
0	283	0
0	284	0
0	285	0
0	286	0
0	287	0
0	288	0
0	289	0
0	290	0
0	291	0
0	292	0
0	293	0
0	294	0
0	295	0
0	296	0
0	297	0
0	298	0
0	299	0
0	300	0
0	301	0
0	302	0
0	303	0
0	304	0
0	305	0
0	306	0
0	307	0
0	308	0
0	309	0
0	310	0
0	311	0
0	312	0
0	313	0
0	314	0
0	315	0
0	316	0
0	317	0
0	318	0
0	319	0
0	320	0
0	321	0
0	322	0
0	323	0
0	324	0
0	325	0
0	326	0
0	327	0
0	328	0
0	329	0
0	330	0
0	331	0
0	332	0
0	333	0
0	334	0
0	335	0
0	336	0
0	337	0
0	338	0
0	339	0
0	340	0
0	341	0
0	342	0
0	343	0
0	344	0
0	345	0
0	346	0
0	347	0
0	348	0
0	349	0
1	0	0
1	1	-0.362535
1	2	1.51056
1	3	1.51674
1	4	2.68351
1	5	4.13349
1	6	6.09827
1	7	-0.685091
1	8	-0.681334
1	9	-0.692385
1	10	-0.688374
1	11	-0.679228
1	12	-0.67722
1	13	-0.674392
1	14	-0.666752
1	15	-0.656818
1	16	-0.645839
1	17	-0.62575
1	18	0.459238
1	19	0.390413
1	20	0.270145
1	21	0.20448
1	22	0.156612
1	23	0.106074
1	24	0.0586886
1	25	0.0262407
1	26	0.00973132
1	27	0.00309597
1	28	0.000869257
1	29	0.00021986
1	30	5.08184e-05
1	31	1.08443e-05
1	32	2.15258e-06
1	33	3.99792e-07
1	34	6.98021e-08
1	35	1.15017e-08
1	36	1.79456e-09
1	37	2.65897e-10
1	38	3.75079e-11
1	39	5.04852e-12
1	40	6.49699e-13
1	41	8.00855e-14
1	42	9.47114e-15
1	43	1.07624e-15
1	44	1.17669e-16
1	45	1.23941e-17
1	46	1.2591e-18
1	47	1.235e-19
1	48	1.17072e-20
1	49	1.07354e-21
1	50	9.53078e-23
1	51	8.19826e-24
1	52	6.83775e-25
1	53	5.53346e-26
1	54	4.34755e-27
1	55	3.31827e-28
1	56	2.46169e-29
1	57	1.77595e-30
1	58	1.24655e-31
1	59	8.5165e-33
1	60	5.6658e-34
1	61	3.67178e-35
1	62	2.31878e-36
1	63	1.42743e-37
1	64	8.5682e-39
1	65	5.01637e-40
1	66	2.86527e-41
1	67	1.59705e-42
1	68	8.68854e-44
1	69	4.61458e-45
1	70	2.39306e-46
1	71	1.21194e-47
1	72	5.99477e-49
1	73	2.89659e-50
1	74	1.36732e-51
1	75	6.30606e-53
1	76	2.84177e-54
1	77	1.25137e-55
1	78	5.38474e-57
1	79	2.26434e-58
1	80	9.30511e-60
1	81	3.73681e-61
1	82	1.46646e-62
1	83	5.62363e-64
1	84	2.10724e-65
1	85	7.715e-67
1	86	2.75958e-68
1	87	9.64251e-70
1	88	3.29099e-71
1	89	1.09696e-72
1	90	3.57039e-74
1	91	1.13455e-75
1	92	3.51909e-77
1	93	1.06522e-78
1	94	3.14593e-80
1	95	9.06236e-82
1	96	2.54562e-83
1	97	6.97056e-85
1	98	1.86002e-86
1	99	4.83482e-88
1	100	1.22372e-89
1	101	3.01463e-91
1	102	7.22488e-93
1	103	1.68365e-94
1	104	3.81289e-96
1	105	8.38653e-98
1	106	1.79041e-99
1	107	3.70733e-101
1	108	7.44007e-103
1	109	1.44591e-104
1	110	2.71872e-106
1	111	4.94106e-108
1	112	8.67053e-110
1	113	1.46735e-111
1	114	2.39181e-113
1	115	3.74985e-115
1	116	5.64576e-117
1	117	8.14902e-119
1	118	1.12548e-120
1	119	1.48419e-122
1	120	1.86438e-124
1	121	2.22486e-126
1	122	2.51463e-128
1	123	2.68252e-130
1	124	2.69016e-132
1	125	2.52447e-134
1	126	2.20478e-136
1	127	1.78063e-138
1	128	1.31959e-140
1	129	8.88932e-143
1	130	5.37952e-145
1	131	2.8809e-147
1	132	1.33841e-149
1	133	5.24852e-152
1	134	1.66922e-154
1	135	4.0401e-157
1	136	6.62144e-160
1	137	5.51728e-163
1	138	0
1	139	0
1	140	0
1	141	0
1	142	0
1	143	0
1	144	0
1	145	0
1	146	0
1	147	0
1	148	0
1	149	0
1	150	0
1	151	0
1	152	0
1	153	0
1	154	0
1	155	0
1	156	0
1	157	0
1	158	0
1	159	0
1	160	0
1	161	0
1	162	0
1	163	0
1	164	0
1	165	0
1	166	0
1	167	0
1	168	0
1	169	0
1	170	0
1	171	0
1	172	0
1	173	0
1	174	0
1	175	0
1	176	0
1	177	0
1	178	0
1	179	0
1	180	0
1	181	0
1	182	0
1	183	0
1	184	0
1	185	0
1	186	0
1	187	0
1	188	0
1	189	0
1	190	0
1	191	0
1	192	0
1	193	0
1	194	0
1	195	0
1	196	0
1	197	0
1	198	0
1	199	0
1	200	0
1	201	0
1	202	0
1	203	0
1	204	0
1	205	0
1	206	0
1	207	0
1	208	0
1	209	0
1	210	0
1	211	0
1	212	0
1	213	0
1	214	0
1	215	0
1	216	0
1	217	0
1	218	0
1	219	0
1	220	0
1	221	0
1	222	0
1	223	0
1	224	0
1	225	0
1	226	0
1	227	0
1	228	0
1	229	0
1	230	0
1	231	0
1	232	0
1	233	0
1	234	0
1	235	0
1	236	0
1	237	0
1	238	0
1	239	0
1	240	0
1	241	0
1	242	0
1	243	0
1	244	0
1	245	0
1	246	0
1	247	0
1	248	0
1	249	0
1	250	0
1	251	0
1	252	0
1	253	0
1	254	0
1	255	0
1	256	0
1	257	0
1	258	0
1	259	0
1	260	0
1	261	0
1	262	0
1	263	0
1	264	0
1	265	0
1	266	0
1	267	0
1	268	0
1	269	0
1	270	0
1	271	0
1	272	0
1	273	0
1	274	0
1	275	0
1	276	0
1	277	0
1	278	0
1	279	0
1	280	0
1	281	0
1	282	0
1	283	0
1	284	0
1	285	0
1	286	0
1	287	0
1	288	0
1	289	0
1	290	0
1	291	0
1	292	0
1	293	0
1	294	0
1	295	0
1	296	0
1	297	0
1	298	0
1	299	0
1	300	0
1	301	0
1	302	0
1	303	0
1	304	0
1	305	0
1	306	0
1	307	0
1	308	0
1	309	0
1	310	0
1	311	0
1	312	0
1	313	0
1	314	0
1	315	0
1	316	0
1	317	0
1	318	0
1	319	0
1	320	0
1	321	0
1	322	0
1	323	0
1	324	0
1	325	0
1	326	0
1	327	0
1	328	0
1	329	0
1	330	0
1	331	0
1	332	0
1	333	0
1	334	0
1	335	0
1	336	0
1	337	0
1	338	0
1	339	0
1	340	0
1	341	0
1	342	0
1	343	0
1	344	0
1	345	0
1	346	0
1	347	0
1	348	0
1	349	0
