2	350
0	0	0
0	1	0.0872677
0	2	0.019742
0	3	0.123716
0	4	0.0236946
0	5	0.133655
0	6	0.0270444
0	7	0.588589
0	8	0.862337
0	9	0.987582
0	10	1.04336
0	11	1.06672
0	12	1.0735
0	13	1.06809
0	14	1.04577
0	15	0.989706
0	16	0.862328
0	17	0.586166
0	18	0.0257127
0	19	0.0422483
0	20	0.154895
0	21	0.0316687
0	22	0.050674
0	23	0.175184
0	24	0.0449545
0	25	0.0674686
0	26	0.0940268
0	27	0.0807381
0	28	0.0651007
0	29	0.0600078
0	30	0.0605337
0	31	0.0628423
0	32	0.0660435
0	33	0.0705876
0	34	0.0770629
0	35	0.0858845
0	36	0.0973447
0	37	0.111643
0	38	0.128784
0	39	0.148354
0	40	0.169235
0	41	0.189387
0	42	0.205902
0	43	0.215526
0	44	0.21564
0	45	0.20533
0	46	0.185939
0	47	0.160681
0	48	0.133501
0	49	0.107814
0	50	0.0857579
0	51	0.0681258
0	52	0.0547561
0	53	0.0450144
0	54	0.0381578
0	55	0.033531
0	56	0.0306365
0	57	0.0291397
0	58	0.0288514
0	59	0.0297089
0	60	0.0317677
0	61	0.0352047
0	62	0.0403349
0	63	0.0476416
0	64	0.0578144
0	65	0.071788
0	66	0.0907528
0	67	0.116085
0	68	0.149104
0	69	0.190527
0	70	0.23956
0	71	0.292786
0	72	0.343477
0	73	0.382328
0	74	0.400151
0	75	0.391624
0	76	0.357906
0	77	0.306323
0	78	0.247263
0	79	0.19025
0	80	0.141369
0	81	0.102876
0	82	0.0742954
0	83	0.053857
0	84	0.0395425
0	85	0.0296014
0	86	0.0226985
0	87	0.0178842
0	88	0.0145078
0	89	0.0121322
0	90	0.0104669
0	91	0.0093198
0	92	0.00856621
0	93	0.00812773
0	94	0.00795976
0	95	0.00804438
0	96	0.00838729
0	97	0.00901841
0	98	0.00999592
0	99	0.0114148
0	100	0.0134209
0	101	0.0162336
0	102	0.0201808
0	103	0.0257509
0	104	0.0336704
0	105	0.0450124
0	106	0.0613357
0	107	0.0848308
0	108	0.118387
0	109	0.165369
0	110	0.22872
0	111	0.308929
0	112	0.400908
0	113	0.491421
0	114	0.560352
0	115	0.587799
0	116	0.563801
0	117	0.493898
0	118	0.396564
0	119	0.294391
0	120	0.204855
0	121	0.135983
0	122	0.0877412
0	123	0.0560036
0	124	0.0358783
0	125	0.0233234
0	126	0.0155017
0	127	0.0105859
0	128	0.00744994
0	129	0.00541301
0	130	0.00406473
0	131	0.00315624
0	132	0.00253493
0	133	0.00210597
0	134	0.00180971
0	135	0.00160837
0	136	0.00147812
0	137	0.00140438
0	138	0.00137915
0	139	0.0013995
0	140	0.00146708
0	141	0.00158826
0	142	0.00177518
0	143	0.00204771
0	144	0.00243695
0	145	0.00299095
0	146	0.00378415
0	147	0.00493301
0	148	0.00662198
0	149	0.0091472
0	150	0.0129902
0	151	0.0189421
0	152	0.0283118
0	153	0.0432626
0	154	0.0673234
0	155	0.106049
0	156	0.167528
0	157	0.2617
0	158	0.396242
0	159	0.566907
0	160	0.746155
0	161	0.88454
0	162	0.933951
0	163	0.875248
0	164	0.727415
0	165	0.536633
0	166	0.353695
0	167	0.211519
0	168	0.117492
0	169	0.0622628
0	170	0.0322813
0	171	0.0167151
0	172	0.00877394
0	173	0.00471493
0	174	0.00260921
0	175	0.00149181
0	176	0.000882703
0	177	0.000540945
0	178	0.000343456
0	179	0.000225946
0	180	0.000154005
0	181	0.000108747
0	182	7.95406e-05
0	183	6.02516e-05
0	184	4.72576e-05
0	185	3.83712e-05
0	186	3.22457e-05
0	187	2.80394e-05
0	188	2.52225e-05
0	189	2.3465e-05
0	190	2.25712e-05
0	191	2.24425e-05
0	192	2.30597e-05
0	193	2.44785e-05
0	194	2.68375e-05
0	195	3.03811e-05
0	196	3.55014e-05
0	197	4.28099e-05
0	198	5.32568e-05
0	199	6.83299e-05
0	200	9.0391e-05
0	201	0.000123251
0	202	0.000173173
0	203	0.000250645
0	204	0.000373591
0	205	0.000573264
0	206	0.000905287
0	207	0.00147073
0	208	0.00245701
0	209	0.00421873
0	210	0.00743949
0	211	0.0134593
0	212	0.0249374
0	213	0.0471715
0	214	0.0905787
0	215	0.174684
0	216	0.331784
0	217	0.600367
0	218	0.98829
0	219	1.41994
0	220	1.76598
0	221	1.95374
0	222	1.99258
0	223	1.91447
0	224	1.73575
0	225	1.46186
0	226	1.11327
0	227	0.745535
0	228	0.432338
0	229	0.218216
0	230	0.09792
0	231	0.0401091
0	232	0.0153547
0	233	0.00559328
0	234	0.00196351
0	235	0.000670075
0	236	0.000223631
0	237	7.32928e-05
0	238	2.3659e-05
0	239	7.53829e-06
0	240	2.37463e-06
0	241	7.4046e-07
0	242	2.28778e-07
0	243	7.00922e-08
0	244	2.1308e-08
0	245	6.43065e-09
0	246	1.92751e-09
0	247	5.74015e-10
0	248	1.69891e-10
0	249	4.99865e-11
0	250	1.46241e-11
0	251	4.25509e-12
0	252	1.23153e-12
0	253	3.54609e-13
0	254	1.01596e-13
0	255	2.89659e-14
0	256	8.21908e-15
0	257	2.3213e-15
0	258	6.52604e-16
0	259	1.82648e-16
0	260	5.08933e-17
0	261	1.41194e-17
0	262	3.90039e-18
0	263	1.07291e-18
0	264	2.93906e-19
0	265	8.01794e-20
0	266	2.17845e-20
0	267	5.89496e-21
0	268	1.58885e-21
0	269	4.2655e-22
0	270	1.14066e-22
0	271	3.03853e-23
0	272	8.06304e-24
0	273	2.13147e-24
0	274	5.6133e-25
0	275	1.47274e-25
0	276	3.84962e-26
0	277	1.00254e-26
0	278	2.60131e-27
0	279	6.72506e-28
0	280	1.73231e-28
0	281	4.4462e-29
0	282	1.1371e-29
0	283	2.89773e-30
0	284	7.35834e-31
0	285	1.86197e-31
0	286	4.69509e-32
0	287	1.17978e-32
0	288	2.95428e-33
0	289	7.37234e-34
0	290	1.83344e-34
0	291	4.54406e-35
0	292	1.12239e-35
0	293	2.76295e-36
0	294	6.77858e-37
0	295	1.65748e-37
0	296	4.03928e-38
0	297	9.81106e-39
0	298	2.37514e-39
0	299	5.73098e-40
0	300	1.37829e-40
0	301	3.30395e-41
0	302	7.8942e-42
0	303	1.88007e-42
0	304	4.46306e-43
0	305	1.05607e-43
0	306	2.49091e-44
0	307	5.85645e-45
0	308	1.37254e-45
0	309	3.20655e-46
0	310	7.46752e-47
0	311	1.73358e-47
0	312	4.01188e-48
0	313	9.25533e-49
0	314	2.12853e-49
0	315	4.87997e-50
0	316	1.11534e-50
0	317	2.54131e-51
0	318	5.77257e-52
0	319	1.30722e-52
0	320	2.95119e-53
0	321	6.64237e-54
0	322	1.49049e-54
0	323	3.3344e-55
0	324	7.43696e-56
0	325	1.65373e-56
0	326	3.66632e-57
0	327	8.10395e-58
0	328	1.78594e-58
0	329	3.92415e-59
0	330	8.5968e-60
0	331	1.87777e-60
0	332	4.0895e-61
0	333	8.88014e-62
0	334	1.92264e-62
0	335	4.15055e-63
0	336	8.93406e-64
0	337	1.91748e-64
0	338	4.10349e-65
0	339	8.75635e-66
0	340	1.86312e-66
0	341	3.95287e-67
0	342	8.36258e-68
0	343	1.76412e-68
0	344	3.71089e-69
0	345	7.78385e-70
0	346	1.62798e-70
0	347	3.38957e-71
0	348	6.75991e-72
0	349	0
1	0	0
1	1	-0.29436
1	2	11.6786
1	3	-0.366161
1	4	11.8766
1	5	-0.390325
1	6	27.7792
1	7	-0.59607
1	8	-0.608808
1	9	-0.607314
1	10	-0.605586
1	11	-0.604674
1	12	-0.604391
1	13	-0.604739
1	14	-0.606133
1	15	-0.608931
1	16	-0.611481
1	17	-0.599457
1	18	25.9543
1	19	5.122
1	20	-0.406788
1	21	7.4114
1	22	4.94083
1	23	-0.434494
1	24	6.278
1	25	2.67105
1	26	2.09413
1	27	2.56579
1	28	2.81137
1	29	2.77518
1	30	2.75126
1	31	2.7863
1	32	2.84609
1	33	2.9044
1	34	2.95263
1	35	2.98894
1	36	3.01134
1	37	3.01634
1	38	2.99994
1	39	2.95898
1	40	2.89239
1	41	2.80232
1	42	2.6947
1	43	2.57883
1	44	2.4658
1	45	2.36632
1	46	2.28868
1	47	2.23779
1	48	2.21513
1	49	2.21947
1	50	2.24777
1	51	2.29616
1	52	2.36059
1	53	2.43731
1	54	2.5231
1	55	2.61533
1	56	2.7118
1	57	2.81068
1	58	2.91037
1	59	3.00931
1	60	3.1059
1	61	3.19835
1	62	3.28449
1	63	3.3616
1	64	3.42618
1	65	3.47373
1	66	3.49855
1	67	3.4938
1	68	3.45195
1	69	3.36607
1	70	3.23219
1	71	3.05227
1	72	2.83652
1	73	2.60306
1	74	2.37392
1	75	2.1691
1	76	2.00205
1	77	1.87842
1	78	1.79769
1	79	1.75555
1	80	1.74602
1	81	1.76278
1	82	1.79998
1	83	1.85265
1	84	1.91688
1	85	1.98973
1	86	2.06906
1	87	2.15334
1	88	2.24146
1	89	2.33263
1	90	2.42625
1	91	2.52186
1	92	2.61911
1	93	2.71766
1	94	2.81724
1	95	2.91755
1	96	3.0183
1	97	3.11914
1	98	3.21964
1	99	3.31927
1	100	3.4173
1	101	3.51276
1	102	3.60426
1	103	3.68984
1	104	3.76666
1	105	3.83062
1	106	3.87586
1	107	3.89417
1	108	3.87456
1	109	3.80356
1	110	3.66723
1	111	3.45592
1	112	3.1717
1	113	2.83442
1	114	2.48018
1	115	2.14946
1	116	1.87259
1	117	1.66284
1	118	1.51925
1	119	1.43345
1	120	1.39494
1	121	1.39345
1	122	1.41985
1	123	1.46649
1	124	1.52744
1	125	1.59842
1	126	1.67651
1	127	1.75978
1	128	1.84698
1	129	1.93728
1	130	2.03012
1	131	2.12512
1	132	2.222
1	133	2.32057
1	134	2.42065
1	135	2.52212
1	136	2.62486
1	137	2.72877
1	138	2.83375
1	139	2.93971
1	140	3.04656
1	141	3.1542
1	142	3.2625
1	143	3.37135
1	144	3.48055
1	145	3.58987
1	146	3.699
1	147	3.80746
1	148	3.91455
1	149	4.01918
1	150	4.11966
1	151	4.21327
1	152	4.29563
1	153	4.35962
1	154	4.39382
1	155	4.38045
1	156	4.29379
1	157	4.10172
1	158	3.77591
1	159	3.31417
1	160	2.76307
1	161	2.21025
1	162	1.73863
1	163	1.38671
1	164	1.14958
1	165	1.00298
1	166	0.922834
1	167	0.891737
1	168	0.897136
1	169	0.92874
1	170	0.978073
1	171	1.03891
1	172	1.10725
1	173	1.1807
1	174	1.25794
1	175	1.33821
1	176	1.42108
1	177	1.50625
1	178	1.59355
1	179	1.68282
1	180	1.77395
1	181	1.86683
1	182	1.96137
1	183	2.05749
1	184	2.15511
1	185	2.25415
1	186	2.35455
1	187	2.45625
1	188	2.55917
1	189	2.66327
1	190	2.76849
1	191	2.87478
1	192	2.98209
1	193	3.09037
1	194	3.19959
1	195	3.30968
1	196	3.42063
1	197	3.53239
1	198	3.64491
1	199	3.75817
1	200	3.87212
1	201	3.98671
1	202	4.10191
1	203	4.21765
1	204	4.33384
1	205	4.45036
1	206	4.567
1	207	4.68344
1	208	4.79906
1	209	4.91278
1	210	5.02251
1	211	5.12427
1	212	5.21027
1	213	5.26522
1	214	5.25967
1	215	5.13999
1	216	4.822
1	217	4.21558
1	218	3.31914
1	219	2.31522
1	220	1.46272
1	221	0.879127
1	222	0.528114
1	223	0.331628
1	224	0.227551
1	225	0.174174
1	226	0.142357
1	227	0.11288
1	228	0.0796566
1	229	0.0480885
1	230	0.0249172
1	231	0.0113684
1	232	0.00470707
1	233	0.00181511
1	234	0.000664564
1	235	0.00023416
1	236	8.01343e-05
1	237	2.68025e-05
1	238	8.79961e-06
1	239	2.8446e-06
1	240	9.07439e-07
1	241	2.86141e-07
1	242	8.93022e-08
1	243	2.76121e-08
1	244	8.46519e-09
1	245	2.57486e-09
1	246	7.77464e-10
1	247	2.33135e-10
1	248	6.9454e-11
1	249	2.05629e-11
1	250	6.05184e-12
1	251	1.77096e-12
1	252	5.15387e-13
1	253	1.49191e-13
1	254	4.29638e-14
1	255	1.23105e-14
1	256	3.51007e-15
1	257	9.96031e-16
1	258	2.81313e-16
1	259	7.90871e-17
1	260	2.2134e-17
1	261	6.16712e-18
1	262	1.71083e-18
1	263	4.72563e-19
1	264	1.29977e-19
1	265	3.56003e-20
1	266	9.71051e-21
1	267	2.63787e-21
1	268	7.13683e-22
1	269	1.92318e-22
1	270	5.16191e-23
1	271	1.38005e-23
1	272	3.67529e-24
1	273	9.75014e-25
1	274	2.57673e-25
1	275	6.78388e-26
1	276	1.77931e-26
1	277	4.64944e-27
1	278	1.21042e-27
1	279	3.13959e-28
1	280	8.11368e-29
1	281	2.08921e-29
1	282	5.36012e-30
1	283	1.37027e-30
1	284	3.49048e-31
1	285	8.85975e-32
1	286	2.2409e-32
1	287	5.64802e-33
1	288	1.41857e-33
1	289	3.55056e-34
1	290	8.856e-35
1	291	2.20132e-35
1	292	5.45305e-36
1	293	1.34621e-36
1	294	3.31218e-37
1	295	8.12167e-38
1	296	1.98479e-38
1	297	4.83425e-39
1	298	1.17353e-39
1	299	2.83933e-40
1	300	6.847e-41
1	301	1.64571e-41
1	302	3.9426e-42
1	303	9.41436e-43
1	304	2.2407e-43
1	305	5.31582e-44
1	306	1.25705e-44
1	307	2.96303e-45
1	308	6.96188e-46
1	309	1.63053e-46
1	310	3.80671e-47
1	311	8.85914e-48
1	312	2.05523e-48
1	313	4.75294e-49
1	314	1.09572e-49
1	315	2.51814e-50
1	316	5.76906e-51
1	317	1.31759e-51
1	318	2.99994e-52
1	319	6.8093e-53
1	320	1.54084e-53
1	321	3.47601e-54
1	322	7.81765e-55
1	323	1.75287e-55
1	324	3.91835e-56
1	325	8.73257e-57
1	326	1.94031e-57
1	327	4.29827e-58
1	328	9.49322e-59
1	329	2.09043e-59
1	330	4.58947e-60
1	331	1.00461e-60
1	332	2.19255e-61
1	333	4.77109e-62
1	334	1.03516e-62
1	335	2.23934e-63
1	336	4.83018e-64
1	337	1.03882e-64
1	338	2.22766e-65
1	339	4.76322e-66
1	340	1.01554e-66
1	341	2.15892e-67
1	342	4.57646e-68
1	343	9.67334e-69
1	344	2.03883e-69
1	345	4.28494e-70
1	346	8.97929e-71
1	347	1.87313e-71
1	348	3.74223e-72
1	349	0
