2	500
0	0	0
0	1	0.110227
0	2	0.0337614
0	3	0.179701
0	4	0.0681816
0	5	0.128829
0	6	0.0956693
0	7	0.583854
0	8	0.861057
0	9	0.986909
0	10	1.04304
0	11	1.06645
0	12	1.07283
0	13	1.06648
0	14	1.04311
0	15	0.987067
0	16	0.861335
0	17	0.586739
0	18	0.0240627
0	19	0.0517305
0	20	0.183706
0	21	0.0985845
0	22	0.0497664
0	23	0.0324481
0	24	0.0233479
0	25	0.0173334
0	26	0.0132505
0	27	0.0105338
0	28	0.00876189
0	29	0.00765238
0	30	0.00704156
0	31	0.00684987
0	32	0.00706042
0	33	0.00771571
0	34	0.00893115
0	35	0.0109281
0	36	0.0140963
0	37	0.019107
0	38	0.0271121
0	39	0.0400867
0	40	0.0613858
0	41	0.0965317
0	42	0.153951
0	43	0.244422
0	44	0.37617
0	45	0.542342
0	46	0.706772
0	47	0.810106
0	48	0.805225
0	49	0.689953
0	50	0.508135
0	51	0.322624
0	52	0.179331
0	53	0.0898808
0	54	0.0422482
0	55	0.0194335
0	56	0.00909248
0	57	0.00444952
0	58	0.00230793
0	59	0.00127
0	60	0.000737456
0	61	0.000449086
0	62	0.000285481
0	63	0.000188909
0	64	0.000129917
0	65	9.27745e-05
0	66	6.87517e-05
0	67	5.28489e-05
0	68	4.21228e-05
0	69	3.47989e-05
0	70	2.9787e-05
0	71	2.6409e-05
0	72	2.42432e-05
0	73	2.30352e-05
0	74	2.26472e-05
0	75	2.30309e-05
0	76	2.42178e-05
0	77	2.63236e-05
0	78	2.95662e-05
0	79	3.43041e-05
0	80	4.11012e-05
0	81	5.08366e-05
0	82	6.48894e-05
0	83	8.54485e-05
0	84	0.000116045
0	85	0.000162481
0	86	0.000234469
0	87	0.000348606
0	88	0.000533829
0	89	0.000841652
0	90	0.00136571
0	91	0.00227978
0	92	0.00391292
0	93	0.00690042
0	94	0.01249
0	95	0.0231645
0	96	0.0438907
0	97	0.0844998
0	98	0.163628
0	99	0.312769
0	100	0.571385
0	101	0.952623
0	102	1.38745
0	103	1.74482
0	104	1.94408
0	105	1.99051
0	106	1.91661
0	107	1.74003
0	108	1.46671
0	109	1.11702
0	110	0.746937
0	111	0.4315
0	112	0.21635
0	113	0.0961523
0	114	0.0388902
0	115	0.0146554
0	116	0.00523818
0	117	0.00179818
0	118	0.00059798
0	119	0.000193771
0	120	6.14347e-05
0	121	1.9113e-05
0	122	5.84737e-06
0	123	1.76201e-06
0	124	5.2361e-07
0	125	1.53599e-07
0	126	4.45131e-08
0	127	1.27523e-08
0	128	3.61346e-09
0	129	1.01318e-09
0	130	2.81219e-10
0	131	7.72934e-11
0	132	2.10429e-11
0	133	5.67602e-12
0	134	1.51724e-12
0	135	4.02002e-13
0	136	1.05594e-13
0	137	2.75019e-14
0	138	7.1033e-15
0	139	1.81967e-15
0	140	4.624e-16
0	141	1.16569e-16
0	142	2.91566e-17
0	143	7.23643e-18
0	144	1.78232e-18
0	145	4.35675e-19
0	146	1.05704e-19
0	147	2.54569e-20
0	148	6.08611e-21
0	149	1.44453e-21
0	150	3.40404e-22
0	151	7.9648e-23
0	152	1.85052e-23
0	153	4.26955e-24
0	154	9.78276e-25
0	155	2.22618e-25
0	156	5.03153e-26
0	157	1.12955e-26
0	158	2.51884e-27
0	159	5.57966e-28
0	160	1.22785e-28
0	161	2.68436e-29
0	162	5.83052e-30
0	163	1.25826e-30
0	164	2.69802e-31
0	165	5.74849e-32
0	166	1.21707e-32
0	167	2.56062e-33
0	168	5.35382e-34
0	169	1.11247e-34
0	170	2.29739e-35
0	171	4.71543e-36
0	172	9.61976e-37
0	173	1.95065e-37
0	174	3.93172e-38
0	175	7.87755e-39
0	176	1.56898e-39
0	177	3.10657e-40
0	178	6.11496e-41
0	179	1.19666e-41
0	180	2.32824e-42
0	181	4.50378e-43
0	182	8.66233e-44
0	183	1.65658e-44
0	184	3.15012e-45
0	185	5.95649e-46
0	186	1.11999e-46
0	187	2.09419e-47
0	188	3.89407e-48
0	189	7.201e-49
0	190	1.32433e-49
0	191	2.42228e-50
0	192	4.40648e-51
0	193	7.97279e-52
0	194	1.4348e-52
0	195	2.5683e-53
0	196	4.57286e-54
0	197	8.09892e-55
0	198	1.42684e-55
0	199	2.5006e-56
0	200	4.3596e-57
0	201	7.5612e-58
0	202	1.30463e-58
0	203	2.2395e-59
0	204	3.82464e-60
0	205	6.49853e-61
0	206	1.09859e-61
0	207	1.84784e-62
0	208	3.0925e-63
0	209	5.14971e-64
0	210	8.53283e-65
0	211	1.40686e-65
0	212	2.30816e-66
0	213	3.76832e-67
0	214	6.12219e-68
0	215	9.8981e-69
0	216	1.59255e-69
0	217	2.54999e-70
0	218	4.06348e-71
0	219	6.4444e-72
0	220	1.01718e-72
0	221	1.59792e-73
0	222	2.49841e-74
0	223	3.88805e-75
0	224	6.02238e-76
0	225	9.28497e-77
0	226	1.42488e-77
0	227	2.17656e-78
0	228	3.30952e-79
0	229	5.00921e-80
0	230	7.54733e-81
0	231	1.13199e-81
0	232	1.69017e-82
0	233	2.51223e-83
0	234	3.71741e-84
0	235	5.47621e-85
0	236	8.03133e-86
0	237	1.17265e-86
0	238	1.70464e-87
0	239	2.4671e-88
0	240	3.555e-89
0	241	5.1003e-90
0	242	7.2856e-91
0	243	1.03623e-91
0	244	1.46748e-92
0	245	2.0693e-93
0	246	2.90547e-94
0	247	4.06216e-95
0	248	5.65529e-96
0	249	7.83998e-97
0	250	1.08229e-97
0	251	1.48782e-98
0	252	2.03677e-99
0	253	2.77665e-100
0	254	3.76963e-101
0	255	5.09658e-102
0	256	6.8623e-103
0	257	9.20189e-104
0	258	1.22888e-104
0	259	1.63444e-105
0	260	2.16503e-106
0	261	2.85629e-107
0	262	3.7531e-108
0	263	4.91169e-109
0	264	6.40227e-110
0	265	8.31197e-111
0	266	1.07485e-111
0	267	1.38443e-112
0	268	1.77614e-113
0	269	2.26974e-114
0	270	2.88916e-115
0	271	3.66328e-116
0	272	4.62676e-117
0	273	5.82101e-118
0	274	7.29524e-119
0	275	9.10766e-120
0	276	1.13268e-120
0	277	1.40327e-121
0	278	1.73189e-122
0	279	2.12934e-123
0	280	2.6081e-124
0	281	3.18246e-125
0	282	3.8687e-126
0	283	4.6853e-127
0	284	5.65306e-128
0	285	6.79533e-129
0	286	8.13808e-130
0	287	9.71011e-131
0	288	1.15431e-131
0	289	1.36716e-132
0	290	1.61333e-133
0	291	1.89687e-134
0	292	2.22212e-135
0	293	2.59369e-136
0	294	3.01643e-137
0	295	3.49542e-138
0	296	4.0359e-139
0	297	4.64324e-140
0	298	5.32287e-141
0	299	6.08024e-142
0	300	6.92069e-143
0	301	7.84941e-144
0	302	8.87131e-145
0	303	9.99093e-146
0	304	1.12124e-146
0	305	1.25391e-147
0	306	1.39738e-148
0	307	1.55185e-149
0	308	1.71741e-150
0	309	1.89406e-151
0	310	2.08167e-152
0	311	2.28e-153
0	312	2.48865e-154
0	313	2.70711e-155
0	314	2.9347e-156
0	315	3.1706e-157
0	316	3.41385e-158
0	317	3.66332e-159
0	318	3.91777e-160
0	319	4.1758e-161
0	320	4.43589e-162
0	321	4.69642e-163
0	322	4.95566e-164
0	323	5.21183e-165
0	324	5.46304e-166
0	325	5.70742e-167
0	326	5.94306e-168
0	327	6.16806e-169
0	328	6.38056e-170
0	329	6.57879e-171
0	330	6.76102e-172
0	331	6.92569e-173
0	332	7.07132e-174
0	333	7.19663e-175
0	334	7.3005e-176
0	335	7.382e-177
0	336	7.44043e-178
0	337	7.47528e-179
0	338	7.48628e-180
0	339	7.47338e-181
0	340	7.43677e-182
0	341	7.37687e-183
0	342	7.29428e-184
0	343	7.18985e-185
0	344	7.06459e-186
0	345	6.91971e-187
0	346	6.75657e-188
0	347	6.57664e-189
0	348	6.38155e-190
0	349	6.17298e-191
0	350	5.9527e-192
0	351	5.72251e-193
0	352	5.48424e-194
0	353	5.23969e-195
0	354	4.99066e-196
0	355	4.7389e-197
0	356	4.48607e-198
0	357	4.23377e-199
0	358	3.9835e-200
0	359	3.73664e-201
0	360	3.49446e-202
0	361	3.25809e-203
0	362	3.02855e-204
0	363	2.80671e-205
0	364	2.59331e-206
0	365	2.38896e-207
0	366	2.19414e-208
0	367	2.00919e-209
0	368	1.83436e-210
0	369	1.66977e-211
0	370	1.51545e-212
0	371	1.37133e-213
0	372	1.23725e-214
0	373	1.113e-215
0	374	9.98285e-217
0	375	8.92772e-218
0	376	7.96078e-219
0	377	7.07786e-220
0	378	6.27455e-221
0	379	5.54626e-222
0	380	4.88829e-223
0	381	4.29593e-224
0	382	3.76445e-225
0	383	3.28923e-226
0	384	2.86574e-227
0	385	2.48962e-228
0	386	2.15667e-229
0	387	1.86292e-230
0	388	1.60459e-231
0	389	1.37815e-232
0	390	1.18031e-233
0	391	1.00801e-234
0	392	8.58424e-236
0	393	7.28977e-237
0	394	6.17307e-238
0	395	5.21275e-239
0	396	4.38948e-240
0	397	3.68589e-241
0	398	3.08644e-242
0	399	2.57727e-243
0	400	2.14612e-244
0	401	1.78213e-245
0	402	1.47578e-246
0	403	1.2187e-247
0	404	1.00364e-248
0	405	8.24245e-250
0	406	6.75057e-251
0	407	5.51354e-252
0	408	4.49087e-253
0	409	3.64788e-254
0	410	2.95504e-255
0	411	2.38728e-256
0	412	1.92336e-257
0	413	1.54538e-258
0	414	1.23833e-259
0	415	9.89596e-261
0	416	7.88692e-262
0	417	6.26881e-263
0	418	4.96928e-264
0	419	3.92857e-265
0	420	3.09749e-266
0	421	2.43569e-267
0	422	1.91018e-268
0	423	1.49406e-269
0	424	1.16547e-270
0	425	9.06741e-272
0	426	7.03577e-273
0	427	5.44488e-274
0	428	4.20258e-275
0	429	3.23517e-276
0	430	2.4839e-277
0	431	1.90207e-278
0	432	1.45271e-279
0	433	1.1066e-280
0	434	8.4075e-282
0	435	6.37099e-283
0	436	4.8152e-284
0	437	3.62986e-285
0	438	2.7292e-286
0	439	2.04669e-287
0	440	1.53089e-288
0	441	1.14212e-289
0	442	8.49878e-291
0	443	6.30785e-292
0	444	4.66968e-293
0	445	3.44807e-294
0	446	2.53951e-295
0	447	1.86556e-296
0	448	1.36697e-297
0	449	9.99074e-299
0	450	7.2833e-300
0	451	5.29605e-301
0	452	3.84124e-302
0	453	2.77899e-303
0	454	2.00541e-304
0	455	1.4435e-305
0	456	1.03642e-306
0	457	7.42258e-308
0	458	5.3025e-309
0	459	3.77845e-310
0	460	2.68568e-311
0	461	1.90417e-312
0	462	1.34669e-313
0	463	9.50046e-315
0	464	6.68553e-316
0	465	4.69292e-317
0	466	3.28597e-318
0	467	2.29498e-319
0	468	1.5988e-320
0	469	1.11165e-321
0	470	7.41098e-323
0	471	0
0	472	0
0	473	0
0	474	0
0	475	0
0	476	0
0	477	0
0	478	0
0	479	0
0	480	0
0	481	0
0	482	0
0	483	0
0	484	0
0	485	0
0	486	0
0	487	0
0	488	0
0	489	0
0	490	0
0	491	0
0	492	0
0	493	0
0	494	0
0	495	0
0	496	0
0	497	0
0	498	0
0	499	0
1	0	0
1	1	-0.342729
1	2	9.55335
1	3	-0.435449
1	4	5.35953
1	5	0.85175
1	6	32.4931
1	7	-0.598413
1	8	-0.608785
1	9	-0.607439
1	10	-0.60574
1	11	-0.604857
1	12	-0.604599
1	13	-0.604857
1	14	-0.605739
1	15	-0.607437
1	16	-0.608873
1	17	-0.595872
1	18	27.5618
1	19	4.45226
1	20	0.585806
1	21	2.60109
1	22	2.86892
1	23	2.39156
1	24	2.23898
1	25	2.26288
1	26	2.35388
1	27	2.47074
1	28	2.59969
1	29	2.73536
1	30	2.87518
1	31	3.01769
1	32	3.16182
1	33	3.3066
1	34	3.45093
1	35	3.59338
1	36	3.73204
1	37	3.86398
1	38	3.98461
1	39	4.08648
1	40	4.15731
1	41	4.17743
1	42	4.1172
1	43	3.93847
1	44	3.60779
1	45	3.12719
1	46	2.56243
1	47	2.02229
1	48	1.59181
1	49	1.29427
1	50	1.10993
1	51	1.00946
1	52	0.970362
1	53	0.976417
1	54	1.01376
1	55	1.07075
1	56	1.13924
1	57	1.2145
1	58	1.2941
1	59	1.37689
1	60	1.46229
1	61	1.54997
1	62	1.63973
1	63	1.73144
1	64	1.82496
1	65	1.92021
1	66	2.01708
1	67	2.11549
1	68	2.21537
1	69	2.31663
1	70	2.41921
1	71	2.52305
1	72	2.62809
1	73	2.73426
1	74	2.84151
1	75	2.94979
1	76	3.05906
1	77	3.16926
1	78	3.28036
1	79	3.3923
1	80	3.50506
1	81	3.61859
1	82	3.73285
1	83	3.84781
1	84	3.96341
1	85	4.07961
1	86	4.19635
1	87	4.31356
1	88	4.4311
1	89	4.5488
1	90	4.66632
1	91	4.78313
1	92	4.89817
1	93	5.00953
1	94	5.11346
1	95	5.20265
1	96	5.2627
1	97	5.26564
1	98	5.15996
1	99	4.86282
1	100	4.2804
1	101	3.39819
1	102	2.38702
1	103	1.51285
1	104	0.90862
1	105	0.544117
1	106	0.340119
1	107	0.232205
1	108	0.177052
1	109	0.144471
1	110	0.114495
1	111	0.0806789
1	112	0.0485206
1	113	0.0249731
1	114	0.011284
1	115	0.00461322
1	116	0.00175104
1	117	0.000629016
1	118	0.000216713
1	119	7.22597e-05
1	120	2.34623e-05
1	121	7.45005e-06
1	122	2.32048e-06
1	123	7.1054e-07
1	124	2.14246e-07
1	125	6.36948e-08
1	126	1.86896e-08
1	127	5.41695e-09
1	128	1.55186e-09
1	129	4.39674e-10
1	130	1.23251e-10
1	131	3.41982e-11
1	132	9.39543e-12
1	133	2.55657e-12
1	134	6.89189e-13
1	135	1.84103e-13
1	136	4.87428e-14
1	137	1.2793e-14
1	138	3.32901e-15
1	139	8.59029e-16
1	140	2.19842e-16
1	141	5.58057e-17
1	142	1.40529e-17
1	143	3.5109e-18
1	144	8.70329e-19
1	145	2.14093e-19
1	146	5.22656e-20
1	147	1.26637e-20
1	148	3.04561e-21
1	149	7.27094e-22
1	150	1.72322e-22
1	151	4.05469e-23
1	152	9.47262e-24
1	153	2.19739e-24
1	154	5.06169e-25
1	155	1.15788e-25
1	156	2.63048e-26
1	157	5.93519e-27
1	158	1.33011e-27
1	159	2.96086e-28
1	160	6.54708e-29
1	161	1.43813e-29
1	162	3.13827e-30
1	163	6.80373e-31
1	164	1.4655e-31
1	165	3.1364e-32
1	166	6.66958e-33
1	167	1.40931e-33
1	168	2.95922e-34
1	169	6.17486e-35
1	170	1.28048e-35
1	171	2.63896e-36
1	172	5.40537e-37
1	173	1.10044e-37
1	174	2.22675e-38
1	175	4.47877e-39
1	176	8.95452e-40
1	177	1.77967e-40
1	178	3.51613e-41
1	179	6.90611e-42
1	180	1.34853e-42
1	181	2.61795e-43
1	182	5.053e-44
1	183	9.69706e-45
1	184	1.85032e-45
1	185	3.51062e-46
1	186	6.62315e-47
1	187	1.24252e-47
1	188	2.31799e-48
1	189	4.30034e-49
1	190	7.93399e-50
1	191	1.45576e-50
1	192	2.65651e-51
1	193	4.82132e-52
1	194	8.70298e-53
1	195	1.56253e-53
1	196	2.79037e-54
1	197	4.95652e-55
1	198	8.75764e-56
1	199	1.53923e-56
1	200	2.69115e-57
1	201	4.6806e-58
1	202	8.0985e-59
1	203	1.39399e-59
1	204	2.38714e-60
1	205	4.06694e-61
1	206	6.89354e-62
1	207	1.16255e-62
1	208	1.95068e-63
1	209	3.25667e-64
1	210	5.4099e-65
1	211	8.9421e-66
1	212	1.47074e-66
1	213	2.40706e-67
1	214	3.92017e-68
1	215	6.35327e-69
1	216	1.02465e-69
1	217	1.64455e-70
1	218	2.62677e-71
1	219	4.17553e-72
1	220	6.60576e-73
1	221	1.04008e-73
1	222	1.62986e-74
1	223	2.54204e-75
1	224	3.94616e-76
1	225	6.09725e-77
1	226	9.37711e-78
1	227	1.43545e-78
1	228	2.18727e-79
1	229	3.31755e-80
1	230	5.00891e-81
1	231	7.52812e-82
1	232	1.12631e-82
1	233	1.6775e-83
1	234	2.4872e-84
1	235	3.67122e-85
1	236	5.39472e-86
1	237	7.89214e-87
1	238	1.14946e-87
1	239	1.66677e-88
1	240	2.4063e-89
1	241	3.45875e-90
1	242	4.94988e-91
1	243	7.05314e-92
1	244	1.00067e-92
1	245	1.4136e-93
1	246	1.98837e-94
1	247	2.78489e-95
1	248	3.88391e-96
1	249	5.39369e-97
1	250	7.45875e-98
1	251	1.02711e-98
1	252	1.40846e-99
1	253	1.92333e-100
1	254	2.61551e-101
1	255	3.54206e-102
1	256	4.77703e-103
1	257	6.41611e-104
1	258	8.58228e-105
1	259	1.14329e-105
1	260	1.51685e-106
1	261	2.0043e-107
1	262	2.63771e-108
1	263	3.45733e-109
1	264	4.51346e-110
1	265	5.86868e-111
1	266	7.60044e-112
1	267	9.80417e-113
1	268	1.25969e-113
1	269	1.61213e-114
1	270	2.05509e-115
1	271	2.60951e-116
1	272	3.30058e-117
1	273	4.15844e-118
1	274	5.21899e-119
1	275	6.52474e-120
1	276	8.12582e-121
1	277	1.0081e-121
1	278	1.24588e-122
1	279	1.53389e-123
1	280	1.8813e-124
1	281	2.29868e-125
1	282	2.79807e-126
1	283	3.39315e-127
1	284	4.09938e-128
1	285	4.93412e-129
1	286	5.91672e-130
1	287	7.06869e-131
1	288	8.41373e-132
1	289	9.97778e-133
1	290	1.17891e-133
1	291	1.38783e-134
1	292	1.6278e-135
1	293	1.90232e-136
1	294	2.21506e-137
1	295	2.5699e-138
1	296	2.97083e-139
1	297	3.42196e-140
1	298	3.92747e-141
1	299	4.49155e-142
1	300	5.11836e-143
1	301	5.81193e-144
1	302	6.57611e-145
1	303	7.41451e-146
1	304	8.33038e-147
1	305	9.32654e-148
1	306	1.04053e-148
1	307	1.15683e-149
1	308	1.28166e-150
1	309	1.41504e-151
1	310	1.55689e-152
1	311	1.70706e-153
1	312	1.86528e-154
1	313	2.03117e-155
1	314	2.20426e-156
1	315	2.38395e-157
1	316	2.56952e-158
1	317	2.76015e-159
1	318	2.9549e-160
1	319	3.15273e-161
1	320	3.3525e-162
1	321	3.55298e-163
1	322	3.75286e-164
1	323	3.95078e-165
1	324	4.1453e-166
1	325	4.33499e-167
1	326	4.51837e-168
1	327	4.69398e-169
1	328	4.86038e-170
1	329	5.01618e-171
1	330	5.16003e-172
1	331	5.2907e-173
1	332	5.40703e-174
1	333	5.50798e-175
1	334	5.59266e-176
1	335	5.66031e-177
1	336	5.71033e-178
1	337	5.7423e-179
1	338	5.75595e-180
1	339	5.7512e-181
1	340	5.72815e-182
1	341	5.68705e-183
1	342	5.62834e-184
1	343	5.55263e-185
1	344	5.46065e-186
1	345	5.3533e-187
1	346	5.23159e-188
1	347	5.09663e-189
1	348	4.94965e-190
1	349	4.79193e-191
1	350	4.62482e-192
1	351	4.4497e-193
1	352	4.26796e-194
1	353	4.08102e-195
1	354	3.89025e-196
1	355	3.69702e-197
1	356	3.50262e-198
1	357	3.3083e-199
1	358	3.11523e-200
1	359	2.92451e-201
1	360	2.73713e-202
1	361	2.554e-203
1	362	2.37593e-204
1	363	2.20361e-205
1	364	2.03765e-206
1	365	1.87853e-207
1	366	1.72665e-208
1	367	1.58232e-209
1	368	1.44572e-210
1	369	1.317e-211
1	370	1.19618e-212
1	371	1.08322e-213
1	372	9.78038e-215
1	373	8.80466e-216
1	374	7.90299e-217
1	375	7.07284e-218
1	376	6.31137e-219
1	377	5.61543e-220
1	378	4.98167e-221
1	379	4.40658e-222
1	380	3.88658e-223
1	381	3.41801e-224
1	382	2.99725e-225
1	383	2.62071e-226
1	384	2.28488e-227
1	385	1.98636e-228
1	386	1.7219e-229
1	387	1.48838e-230
1	388	1.28286e-231
1	389	1.10257e-232
1	390	9.44925e-234
1	391	8.07524e-235
1	392	6.88149e-236
1	393	5.84766e-237
1	394	4.95514e-238
1	395	4.18703e-239
1	396	3.52805e-240
1	397	2.96447e-241
1	398	2.48394e-242
1	399	2.0755e-243
1	400	1.72939e-244
1	401	1.437e-245
1	402	1.19072e-246
1	403	9.83927e-248
1	404	8.10798e-249
1	405	6.66289e-250
1	406	5.4603e-251
1	407	4.46246e-252
1	408	3.63698e-253
1	409	2.95608e-254
1	410	2.39609e-255
1	411	1.93689e-256
1	412	1.56143e-257
1	413	1.25534e-258
1	414	1.00651e-259
1	415	8.04819e-261
1	416	6.41806e-262
1	417	5.1043e-263
1	418	4.04854e-264
1	419	3.20252e-265
1	420	2.5265e-266
1	421	1.98784e-267
1	422	1.55985e-268
1	423	1.22074e-269
1	424	9.52809e-271
1	425	7.41707e-272
1	426	5.75844e-273
1	427	4.45887e-274
1	428	3.44346e-275
1	429	2.65227e-276
1	430	2.03748e-277
1	431	1.56108e-278
1	432	1.19293e-279
1	433	9.0921e-281
1	434	6.91155e-282
1	435	5.24023e-283
1	436	3.96269e-284
1	437	2.98881e-285
1	438	2.24841e-286
1	439	1.68703e-287
1	440	1.26254e-288
1	441	9.42409e-290
1	442	7.01636e-291
1	443	5.2103e-292
1	444	3.85917e-293
1	445	2.85106e-294
1	446	2.10089e-295
1	447	1.54414e-296
1	448	1.13202e-297
1	449	8.27779e-299
1	450	6.0376e-300
1	451	4.39245e-301
1	452	3.18745e-302
1	453	2.30715e-303
1	454	1.66574e-304
1	455	1.1996e-305
1	456	8.6172e-307
1	457	6.17447e-308
1	458	4.41303e-309
1	459	3.14616e-310
1	460	2.23734e-311
1	461	1.58706e-312
1	462	1.12296e-313
1	463	7.92588e-315
1	464	5.58014e-316
1	465	3.91885e-317
1	466	2.74528e-318
1	467	1.91831e-319
1	468	1.33497e-320
1	469	9.38725e-322
1	470	6.42285e-323
1	471	0
1	472	0
1	473	0
1	474	0
1	475	0
1	476	0
1	477	0
1	478	0
1	479	0
1	480	0
1	481	0
1	482	0
1	483	0
1	484	0
1	485	0
1	486	0
1	487	0
1	488	0
1	489	0
1	490	0
1	491	0
1	492	0
1	493	0
1	494	0
1	495	0
1	496	0
1	497	0
1	498	0
1	499	0
