2	350
0	0	0
0	1	0.086361
0	2	0.0193445
0	3	0.118575
0	4	0.0202321
0	5	0.130319
0	6	0.0271151
0	7	0.588565
0	8	0.862245
0	9	0.987424
0	10	1.04312
0	11	1.06628
0	12	1.07257
0	13	1.06622
0	14	1.04285
0	15	0.986659
0	16	0.860684
0	17	0.577778
0	18	0.256101
0	19	0.0443637
0	20	0.166907
0	21	0.0326718
0	22	0.0495796
0	23	0.167081
0	24	0.0301143
0	25	0.0866239
0	26	0.231394
0	27	0.0659676
0	28	0.102534
0	29	0.156477
0	30	0.167972
0	31	0.157575
0	32	0.147883
0	33	0.140412
0	34	0.132421
0	35	0.123252
0	36	0.113709
0	37	0.104721
0	38	0.0968757
0	39	0.09047
0	40	0.0856377
0	41	0.0824399
0	42	0.0809121
0	43	0.0810925
0	44	0.0830393
0	45	0.0868401
0	46	0.0926089
0	47	0.100466
0	48	0.110497
0	49	0.122676
0	50	0.136767
0	51	0.152191
0	52	0.167924
0	53	0.182454
0	54	0.193915
0	55	0.200413
0	56	0.200516
0	57	0.19372
0	58	0.180685
0	59	0.163076
0	60	0.14309
0	61	0.122874
0	62	0.104086
0	63	0.087713
0	64	0.0741337
0	65	0.0632979
0	66	0.0549247
0	67	0.0486547
0	68	0.0441422
0	69	0.0411008
0	70	0.0393196
0	71	0.0386645
0	72	0.0390748
0	73	0.040561
0	74	0.0432049
0	75	0.0471632
0	76	0.0526751
0	77	0.06007
0	78	0.0697728
0	79	0.0822969
0	80	0.0982121
0	81	0.118063
0	82	0.142214
0	83	0.170596
0	84	0.20237
0	85	0.235594
0	86	0.267079
0	87	0.292672
0	88	0.308113
0	89	0.310267
0	90	0.298248
0	91	0.273825
0	92	0.240871
0	93	0.204124
0	94	0.167877
0	95	0.135132
0	96	0.107408
0	97	0.0850177
0	98	0.0675236
0	99	0.0541552
0	100	0.0440843
0	101	0.0365679
0	102	0.0310005
0	103	0.026917
0	104	0.0239734
0	105	0.0219245
0	106	0.0206023
0	107	0.0198995
0	108	0.0197594
0	109	0.0201685
0	110	0.0211563
0	111	0.0227973
0	112	0.0252197
0	113	0.0286188
0	114	0.0332776
0	115	0.0395945
0	116	0.0481193
0	117	0.0595922
0	118	0.074977
0	119	0.0954602
0	120	0.122366
0	121	0.1569
0	122	0.199625
0	123	0.249612
0	124	0.303457
0	125	0.354709
0	126	0.394562
0	127	0.41424
0	128	0.408342
0	129	0.377326
0	130	0.327513
0	131	0.268564
0	132	0.209932
0	133	0.158223
0	134	0.116434
0	135	0.0846949
0	136	0.061574
0	137	0.0451492
0	138	0.0336259
0	139	0.0255691
0	140	0.0199234
0	141	0.0159482
0	142	0.0131366
0	143	0.0111471
0	144	0.00975075
0	145	0.00879608
0	146	0.00818459
0	147	0.00785558
0	148	0.0077768
0	149	0.00793941
0	150	0.00835661
0	151	0.00906525
0	152	0.010131
0	153	0.011658
0	154	0.0138044
0	155	0.0168067
0	156	0.0210174
0	157	0.0269613
0	158	0.0354173
0	159	0.0475322
0	160	0.0649633
0	161	0.0900184
0	162	0.125691
0	163	0.175358
0	164	0.241721
0	165	0.324575
0	166	0.417638
0	167	0.50637
0	168	0.570142
0	169	0.590062
0	170	0.558409
0	171	0.483016
0	172	0.38352
0	173	0.282167
0	174	0.195127
0	175	0.129092
0	176	0.0832335
0	177	0.053198
0	178	0.0341755
0	179	0.0222966
0	180	0.014878
0	181	0.0102008
0	182	0.00720683
0	183	0.00525546
0	184	0.00395967
0	185	0.00308404
0	186	0.00248375
0	187	0.00206849
0	188	0.00178134
0	189	0.00158614
0	190	0.00146005
0	191	0.00138912
0	192	0.00136571
0	193	0.00138714
0	194	0.00145515
0	195	0.00157614
0	196	0.00176219
0	197	0.00203301
0	198	0.0024194
0	199	0.00296885
0	200	0.00375493
0	201	0.00489261
0	202	0.00656382
0	203	0.0090604
0	204	0.0128565
0	205	0.0187305
0	206	0.0279694
0	207	0.0426994
0	208	0.0663893
0	209	0.104506
0	210	0.165034
0	211	0.257868
0	212	0.390886
0	213	0.560522
0	214	0.740308
0	215	0.881475
0	216	0.935381
0	217	0.88137
0	218	0.736811
0	219	0.546933
0	220	0.3627
0	221	0.218122
0	222	0.121727
0	223	0.0647363
0	224	0.0336459
0	225	0.017447
0	226	0.00916386
0	227	0.00492422
0	228	0.00272343
0	229	0.00155553
0	230	0.00091914
0	231	0.000562334
0	232	0.000356348
0	233	0.000233924
0	234	0.000159069
0	235	0.00011204
0	236	8.17292e-05
0	237	6.17344e-05
0	238	4.82773e-05
0	239	3.90784e-05
0	240	3.27352e-05
0	241	2.83713e-05
0	242	2.54346e-05
0	243	2.35801e-05
0	244	2.26012e-05
0	245	2.23909e-05
0	246	2.29217e-05
0	247	2.42405e-05
0	248	2.64751e-05
0	249	2.98549e-05
0	250	3.47498e-05
0	251	4.17376e-05
0	252	5.17148e-05
0	253	6.60833e-05
0	254	8.70628e-05
0	255	0.000118226
0	256	0.000165425
0	257	0.000238436
0	258	0.000353909
0	259	0.000540785
0	260	0.000850408
0	261	0.00137576
0	262	0.00228872
0	263	0.0039134
0	264	0.00687279
0	265	0.0123848
0	266	0.0228617
0	267	0.0431073
0	268	0.082594
0	269	0.159244
0	270	0.303449
0	271	0.554064
0	272	0.92692
0	273	1.35986
0	274	1.72496
0	275	1.93664
0	276	1.99537
0	277	1.93334
0	278	1.76969
0	279	1.51003
0	280	1.17061
0	281	0.80132
0	282	0.475706
0	283	0.245393
0	284	0.112151
0	285	0.0466195
0	286	0.0180604
0	287	0.0066449
0	288	0.00235345
0	289	0.000809847
0	290	0.000272485
0	291	9.00402e-05
0	292	2.93118e-05
0	293	9.42206e-06
0	294	2.9956e-06
0	295	9.43229e-07
0	296	2.94432e-07
0	297	9.1188e-08
0	298	2.80385e-08
0	299	8.56387e-09
0	300	2.5994e-09
0	301	7.84382e-10
0	302	2.3538e-10
0	303	7.0261e-11
0	304	2.08672e-11
0	305	6.1675e-12
0	306	1.81436e-12
0	307	5.31344e-13
0	308	1.54927e-13
0	309	4.49811e-14
0	310	1.30057e-14
0	311	3.74522e-15
0	312	1.07425e-15
0	313	3.06937e-16
0	314	8.73664e-17
0	315	2.47752e-17
0	316	6.99998e-18
0	317	1.97064e-18
0	318	5.52805e-19
0	319	1.54529e-19
0	320	4.30473e-20
0	321	1.19507e-20
0	322	3.30652e-21
0	323	9.11793e-22
0	324	2.50601e-22
0	325	6.86507e-23
0	326	1.87455e-23
0	327	5.10212e-24
0	328	1.38426e-24
0	329	3.74378e-25
0	330	1.00934e-25
0	331	2.71277e-26
0	332	7.26848e-27
0	333	1.94151e-27
0	334	5.17022e-28
0	335	1.37266e-28
0	336	3.63333e-29
0	337	9.58843e-30
0	338	2.52288e-30
0	339	6.61848e-31
0	340	1.73118e-31
0	341	4.51493e-32
0	342	1.17407e-32
0	343	3.04425e-33
0	344	7.87065e-34
0	345	2.02902e-34
0	346	5.21457e-35
0	347	1.33142e-35
0	348	3.19616e-36
0	349	0
1	0	0
1	1	-0.291943
1	2	11.5818
1	3	-0.35658
1	4	13.3262
1	5	-0.385144
1	6	27.5857
1	7	-0.595978
1	8	-0.608733
1	9	-0.60726
1	10	-0.60558
1	11	-0.604756
1	12	-0.604571
1	13	-0.604879
1	14	-0.605778
1	15	-0.607481
1	16	-0.608639
1	17	-0.604181
1	18	32.1874
1	19	4.36184
1	20	-0.423056
1	21	7.55686
1	22	4.93066
1	23	-0.432653
1	24	9.6
1	25	4.2569
1	26	-0.544146
1	27	6.29417
1	28	3.03663
1	29	2.36343
1	30	2.46069
1	31	2.58925
1	32	2.57711
1	33	2.53438
1	34	2.51592
1	35	2.52034
1	36	2.53674
1	37	2.56009
1	38	2.5896
1	39	2.62527
1	40	2.66636
1	41	2.71143
1	42	2.75861
1	43	2.80584
1	44	2.85093
1	45	2.89151
1	46	2.92504
1	47	2.94885
1	48	2.96018
1	49	2.95646
1	50	2.93556
1	51	2.89635
1	52	2.83917
1	53	2.76626
1	54	2.68196
1	55	2.59232
1	56	2.5043
1	57	2.42468
1	58	2.35903
1	59	2.31109
1	60	2.28266
1	61	2.27374
1	62	2.28306
1	63	2.30853
1	64	2.34767
1	65	2.39801
1	66	2.45719
1	67	2.52315
1	68	2.59409
1	69	2.66847
1	70	2.74493
1	71	2.82223
1	72	2.89919
1	73	2.9746
1	74	3.04717
1	75	3.11542
1	76	3.17762
1	77	3.2317
1	78	3.27514
1	79	3.30497
1	80	3.31772
1	81	3.30961
1	82	3.27687
1	83	3.21643
1	84	3.12681
1	85	3.00924
1	86	2.86847
1	87	2.71282
1	88	2.55311
1	89	2.40075
1	90	2.26557
1	91	2.15444
1	92	2.07079
1	93	2.01509
1	94	1.98571
1	95	1.97975
1	96	1.99377
1	97	2.02432
1	98	2.06826
1	99	2.12285
1	100	2.18586
1	101	2.2555
1	102	2.33035
1	103	2.4093
1	104	2.49143
1	105	2.57603
1	106	2.66244
1	107	2.75011
1	108	2.83848
1	109	2.92699
1	110	3.01501
1	111	3.10183
1	112	3.18656
1	113	3.26809
1	114	3.34496
1	115	3.41529
1	116	3.47656
1	117	3.52547
1	118	3.55771
1	119	3.56788
1	120	3.54954
1	121	3.49575
1	122	3.40026
1	123	3.25969
1	124	3.07614
1	125	2.85913
1	126	2.62538
1	127	2.39524
1	128	2.18757
1	129	2.0155
1	130	1.88508
1	131	1.79645
1	132	1.74602
1	133	1.72837
1	134	1.73758
1	135	1.76803
1	136	1.81486
1	137	1.87409
1	138	1.94267
1	139	2.01834
1	140	2.09945
1	141	2.18478
1	142	2.27347
1	143	2.36487
1	144	2.45849
1	145	2.55393
1	146	2.65087
1	147	2.74901
1	148	2.8481
1	149	2.94785
1	150	3.04797
1	151	3.14809
1	152	3.24778
1	153	3.34649
1	154	3.44345
1	155	3.53764
1	156	3.62758
1	157	3.71118
1	158	3.78544
1	159	3.84599
1	160	3.88665
1	161	3.89876
1	162	3.87092
1	163	3.78945
1	164	3.64076
1	165	3.41666
1	166	3.12181
1	167	2.779
1	168	2.42582
1	169	2.10185
1	170	1.83475
1	171	1.63519
1	172	1.50063
1	173	1.42216
1	174	1.38924
1	175	1.39182
1	176	1.421
1	177	1.46943
1	178	1.53146
1	179	1.60305
1	180	1.68143
1	181	1.7648
1	182	1.85196
1	183	1.94215
1	184	2.03482
1	185	2.12961
1	186	2.22627
1	187	2.32459
1	188	2.42441
1	189	2.5256
1	190	2.62806
1	191	2.73167
1	192	2.83636
1	193	2.94203
1	194	3.04858
1	195	3.15592
1	196	3.26392
1	197	3.37247
1	198	3.48137
1	199	3.59041
1	200	3.69926
1	201	3.80746
1	202	3.91431
1	203	4.01876
1	204	4.11911
1	205	4.21272
1	206	4.29527
1	207	4.35976
1	208	4.39498
1	209	4.38344
1	210	4.29979
1	211	4.11211
1	212	3.79169
1	213	3.3349
1	214	2.78614
1	215	2.23188
1	216	1.75597
1	217	1.39894
1	218	1.15727
1	219	1.00714
1	220	0.924303
1	221	0.891066
1	222	0.894767
1	223	0.925073
1	224	0.973446
1	225	1.03358
1	226	1.10136
1	227	1.17435
1	228	1.25119
1	229	1.33109
1	230	1.4136
1	231	1.49844
1	232	1.5854
1	233	1.67435
1	234	1.76515
1	235	1.85772
1	236	1.95195
1	237	2.04776
1	238	2.14507
1	239	2.24382
1	240	2.34393
1	241	2.44533
1	242	2.54797
1	243	2.65179
1	244	2.75673
1	245	2.86275
1	246	2.96979
1	247	3.0778
1	248	3.18675
1	249	3.29659
1	250	3.40729
1	251	3.51879
1	252	3.63107
1	253	3.74408
1	254	3.85779
1	255	3.97216
1	256	4.08713
1	257	4.20265
1	258	4.31863
1	259	4.43497
1	260	4.55146
1	261	4.66781
1	262	4.78345
1	263	4.89737
1	264	5.00769
1	265	5.11078
1	266	5.19954
1	267	5.2601
1	268	5.26561
1	269	5.1666
1	270	4.88313
1	271	4.32221
1	272	3.4616
1	273	2.45714
1	274	1.57122
1	275	0.948529
1	276	0.568408
1	277	0.35363
1	278	0.238878
1	279	0.180017
1	280	0.146497
1	281	0.117507
1	282	0.0848064
1	283	0.052535
1	284	0.0278744
1	285	0.0129684
1	286	0.00545312
1	287	0.00212884
1	288	0.000787458
1	289	0.000279977
1	290	9.66229e-05
1	291	3.25834e-05
1	292	1.07863e-05
1	293	3.51656e-06
1	294	1.13176e-06
1	295	3.60203e-07
1	296	1.1352e-07
1	297	3.54634e-08
1	298	1.09908e-08
1	299	3.38152e-09
1	300	1.03338e-09
1	301	3.13814e-10
1	302	9.47353e-11
1	303	2.84393e-11
1	304	8.49206e-12
1	305	2.52288e-12
1	306	7.45865e-13
1	307	2.19472e-13
1	308	6.42875e-14
1	309	1.87482e-14
1	310	5.4442e-15
1	311	1.57434e-15
1	312	4.53417e-16
1	313	1.30068e-16
1	314	3.71664e-17
1	315	1.05797e-17
1	316	3.00031e-18
1	317	8.47734e-19
1	318	2.38658e-19
1	319	6.69485e-20
1	320	1.87143e-20
1	321	5.2131e-21
1	322	1.44719e-21
1	323	4.00386e-22
1	324	1.10401e-22
1	325	3.03406e-23
1	326	8.31085e-24
1	327	2.26909e-24
1	328	6.17523e-25
1	329	1.67519e-25
1	330	4.52997e-26
1	331	1.22112e-26
1	332	3.28142e-27
1	333	8.79058e-28
1	334	2.34765e-28
1	335	6.25057e-29
1	336	1.65914e-29
1	337	4.39071e-30
1	338	1.15846e-30
1	339	3.04739e-31
1	340	7.99254e-32
1	341	2.09006e-32
1	342	5.4495e-33
1	343	1.41672e-33
1	344	3.67238e-34
1	345	9.49179e-35
1	346	2.44564e-35
1	347	6.26004e-36
1	348	1.5061e-36
1	349	0
