0	10	1
0.02	8.37143	1.0259
0.0440473	6.80142	1.01998
0.0680946	5.56142	0.975932
0.0921419	4.57318	0.89778
0.116189	3.77611	0.790248
0.141461	3.09357	0.650789
0.166732	2.52964	0.489306
0.193313	2.03076	0.300827
0.219893	1.60249	0.0980281
0.248346	1.20056	-0.129984
0.27797	0.826653	-0.374284
0.308998	0.470084	-0.632358
0.341707	0.122837	-0.901168
0.37654	-0.221696	-1.17769
0.414418	-0.571083	-1.46046
0.461524	-0.970737	-1.77764
0.504751	-1.30241	-2.02924
0.552773	-1.62898	-2.26143
0.600796	-1.9094	-2.44471
0.648819	-2.1434	-2.58332
0.696842	-2.33292	-2.68361
0.744865	-2.48177	-2.75282
0.795429	-2.60022	-2.79993
0.849215	-2.69053	-2.82912
0.907567	-2.75602	-2.84455
0.972665	-2.80015	-2.8499
1.04917	-2.82648	-2.84824
1.12567	-2.83675	-2.84354
1.20873	-2.83886	-2.83829
1.29803	-2.83697	-2.83393
1.38734	-2.83416	-2.83112
1.4861	-2.83157	-2.82942
1.59487	-2.82978	-2.82859
1.71929	-2.82879	-2.82832
1.86879	-2.82841	-2.82832
2.06977	-2.82837	-2.82839
2.29547	-2.82841	-2.82842
2.55206	-2.82843	-2.82843
2.8811	-2.82843	-2.82843
3.43233	-2.82842	-2.82843
3.80775	-2.82843	-2.82843
4.25474	-2.82843	-2.82843
4.81316	-2.82843	-2.82843
5.22504	-2.82843	-2.82843
5.68773	-2.82842	-2.82843
6.08005	-2.82843	-2.82843
6.49595	-2.82843	-2.82843
6.94639	-2.82843	-2.82843
7.42917	-2.82843	-2.82843
7.91194	-2.82843	-2.82843
8.39472	-2.82843	-2.82842
8.72516	-2.82842	-2.82843
9.13388	-2.82843	-2.82843
9.58582	-2.82843	-2.82843
10.0817	-2.82843	-2.82843
10.5776	-2.82843	-2.82842
10.9882	-2.82842	-2.82843
11.4209	-2.82843	-2.82843
11.8537	-2.82842	-2.82843
12.2864	-2.82843	-2.82843
12.7191	-2.82842	-2.82843
13.1518	-2.82843	-2.82843
13.6	-2.82843	-2.82843
14.0853	-2.82842	-2.82843
14.4326	-2.82843	-2.82843
14.8593	-2.82843	-2.82843
15.3365	-2.82843	-2.82843
15.8136	-2.82843	-2.82842
16.2907	-2.82843	-2.82843
16.7678	-2.82843	-2.82842
17.117	-2.82842	-2.82843
17.5325	-2.82843	-2.82843
17.9682	-2.82843	-2.82843
18.4269	-2.82843	-2.82843
18.905	-2.82843	-2.82843
19.383	-2.82843	-2.82843
19.8611	-2.82843	-2.82843
20.1529	-2.82843	-2.82843
20.5329	-2.82843	-2.82843
21.0246	-2.82843	-2.82843
21.6491	-2.82842	-2.82843
21.8625	-2.82843	-2.82843
22.2746	-2.82843	-2.82843
22.74	-2.82843	-2.82843
23.1379	-2.82843	-2.82843
23.603	-2.82842	-2.82843
24.0681	-2.82843	-2.82843
24.4541	-2.82843	-2.82843
24.8633	-2.82843	-2.82843
25	-2.82843	-2.82843
